2026-03-24-12:45:06.654: 00-00-46.779,494,2876,2130,1493,1816,1852,2380,2235,2030,10272,[6],8000;
2026-03-24-12:45:06.887: 00-00-47.012,1145,786,1041,1416,1765,1823,2328,2158,1966,8503,[7],8000;
2026-03-24-12:45:07.120: 00-00-47.245,410,669,1058,1434,1776,1866,2337,2184,4381,8260,[8],1200;
2026-03-24-12:45:07.352: 00-00-47.477,424,680,1078,1440,1804,1896,3825,2999,2076,8953,[0],3000;
2026-03-24-12:45:07.585: 00-00-47.710,435,695,1103,1487,1931,2338,4591,2527,2255,9726,[1],5000;
2026-03-24-12:45:07.818: 00-00-47.943,442,725,1178,1589,2112,2928,2677,2346,2168,9115,[2],8000;
2026-03-24-12:45:08.050: 00-00-48.175,532,778,1300,2493,3417,3645,4086,3056,2427,12197,[3],8000;
2026-03-24-12:45:08.284: 00-00-48.409,319,559,876,1196,1421,1455,1896,1810,1722,6514,[4],8000;
2026-03-24-12:45:08.516: 00-00-48.641,374,819,3648,1974,1526,1475,1945,1857,1839,9283,[5],8000;
2026-03-24-12:45:08.750: 00-00-48.875,416,2648,1827,1175,1398,1412,1860,1798,1700,8419,[6],8000;
2026-03-24-12:45:08.982: 00-00-49.107,971,654,841,1145,1560,1609,2073,1950,1842,7685,[7],8000;
2026-03-24-12:45:09.213: 00-00-49.338,422,681,1073,1454,1881,1984,2417,2273,4497,8742,[8],1200;
2026-03-24-12:45:09.447: 00-00-49.572,435,700,1091,1456,1809,1904,3845,3003,2146,9003,[0],3000;
2026-03-24-12:45:09.679: 00-00-49.804,431,687,1078,1453,1795,2226,4500,2388,2197,9279,[1],5000;
2026-03-24-12:45:09.912: 00-00-50.038,401,656,1054,1412,1949,2790,2446,2166,2092,8563,[2],8000;
2026-03-24-12:45:10.145: 00-00-50.270,507,737,1224,2389,3334,3570,3980,2981,2418,11975,[3],8000;
2026-03-24-12:45:10.378: 00-00-50.503,374,633,1017,1383,1730,1792,2254,2125,2018,7856,[4],8000;
2026-03-24-12:45:10.612: 00-00-50.737,448,914,3781,2244,1860,1841,2334,2192,2172,10747,[5],8000;
2026-03-24-12:45:10.845: 00-00-50.970,500,2859,2126,1495,1823,1871,2363,2232,2096,10328,[6],8000;
2026-03-24-12:45:11.078: 00-00-51.204,1078,779,1045,1419,1766,1836,2305,2151,2028,8533,[7],8000;
2026-03-24-12:45:11.312: 00-00-51.437,415,671,1057,1430,1767,1867,2301,2163,4409,8291,[8],1200;
2026-03-24-12:45:11.545: 00-00-51.670,429,685,1079,1438,1802,1901,3810,2982,2132,8992,[0],3000;
2026-03-24-12:45:11.779: 00-00-51.904,433,684,1084,1458,1807,2236,4493,2393,2195,9309,[1],5000;
2026-03-24-12:45:12.012: 00-00-52.137,405,659,1066,1427,1968,2811,2470,2180,2102,8622,[2],8000;
2026-03-24-12:45:12.245: 00-00-52.371,511,744,1237,2406,3361,3599,4011,3003,2429,12040,[3],8000;
2026-03-24-12:45:12.479: 00-00-52.604,380,643,1032,1407,1760,1825,2291,2150,2030,7925,[4],8000;
2026-03-24-12:45:12.711: 00-00-52.836,455,926,3786,2277,1908,1892,2396,2239,2186,10848,[5],8000;
2026-03-24-12:45:12.945: 00-00-53.070,515,2908,2181,1557,1946,2000,2510,2357,2190,10793,[6],8000;
2026-03-24-12:45:13.177: 00-00-53.302,1173,874,1223,1619,2209,2280,2890,2648,2575,10719,[7],8000;
2026-03-24-12:45:13.411: 00-00-53.536,761,1320,2075,2502,3401,3751,4423,4545,5160,10740,[8],1200;
2026-03-24-12:45:13.644: 00-00-53.769,561,945,1452,1820,1393,1513,4516,3188,2036,6464,[0],3000;
2026-03-24-12:45:13.876: 00-00-54.001,1102,1588,2871,2716,3443,3886,8166,4714,4290,13445,[1],5000;
2026-03-24-12:45:14.110: 00-00-54.235,1008,1102,2166,2067,5745,7119,6778,7407,7167,25500,[2],8000;
2026-03-24-12:45:14.343: 00-00-54.468,1290,1912,2707,4657,3781,4204,4769,3951,2496,12156,[3],8000;
2026-03-24-12:45:14.576: 00-00-54.702,380,623,888,1168,1700,1783,2591,2727,1818,6148,[4],8000;
2026-03-24-12:45:14.809: 00-00-54.934,499,1070,4519,2307,1674,1700,2407,2838,2105,9905,[5],8000;
2026-03-24-12:45:15.042: 00-00-55.167,476,2761,1727,952,2927,2933,3429,4165,4307,16815,[6],8000;
2026-03-24-12:45:15.276: 00-00-55.401,1631,1332,1597,2334,2592,2427,4141,3553,3705,15532,[7],8000;
2026-03-24-12:45:15.509: 00-00-55.634,797,1064,1653,2032,1874,2032,2365,2709,6967,12577,[8],1200;
2026-03-24-12:45:15.742: 00-00-55.868,487,607,949,1063,576,650,4113,2943,798,3473,[0],3000;
2026-03-24-12:45:15.976: 00-00-56.101,216,203,254,269,319,1079,5571,1367,876,4062,[1],5000;
2026-03-24-12:45:16.209: 00-00-56.334,231,304,433,484,1251,2793,1895,1802,1496,5367,[2],8000;
2026-03-24-12:45:16.442: 00-00-56.567,906,1250,2138,3476,4464,5196,5471,4908,1805,9882,[3],8000;
2026-03-24-12:45:16.675: 00-00-56.800,426,622,987,939,2662,3072,3597,4478,1500,5915,[4],8000;
2026-03-24-12:45:16.908: 00-00-57.034,491,1319,6016,2404,2124,1851,2953,3112,2040,9952,[5],8000;
2026-03-24-12:45:17.141: 00-00-57.266,889,6952,3694,1921,3627,4222,5512,5400,3083,15164,[6],8000;
2026-03-24-12:45:17.373: 00-00-57.499,2585,2379,3070,4076,6669,7606,9187,9557,3984,23365,[7],8000;
2026-03-24-12:45:17.607: 00-00-57.732,2263,4524,7206,7796,13352,15237,16646,16651,7815,25500,[8],1200;
2026-03-24-12:45:17.840: 00-00-57.965,2824,5242,8651,8986,12549,14117,17759,17722,6188,25500,[0],3000;
2026-03-24-12:45:18.073: 00-00-58.198,3851,7394,11984,13167,20111,23172,25500,25446,10055,25500,[1],5000;
2026-03-24-12:45:18.306: 00-00-58.431,5629,10448,17070,19917,25500,25500,25500,25500,17663,25500,[2],8000;
2026-03-24-12:45:18.539: 00-00-58.665,10838,17897,25500,25500,25500,25500,25500,25500,25500,25500,[3],8000;
2026-03-24-12:45:18.773: 00-00-58.898,5790,7755,13927,18745,13505,15651,21111,21719,23125,25500,[4],8000;
2026-03-24-12:45:19.005: 00-00-59.130,5488,6599,13365,12997,7763,9101,11998,11540,8860,25500,[5],8000;
2026-03-24-12:45:19.238: 00-00-59.364,1618,9176,4843,3137,3514,4161,5446,5171,3834,21408,[6],8000;
2026-03-24-12:45:19.472: 00-00-59.597,1682,666,581,738,1456,1906,2438,2048,1420,14646,[7],8000;
2026-03-24-12:45:19.705: 00-00-59.831,489,519,744,911,1029,1480,1632,1517,11719,6175,[8],1200;
2026-03-24-12:45:19.939: 00-01-00.064,763,845,1203,1388,1966,2718,13656,8040,2361,13284,[0],3000;
2026-03-24-12:45:20.171: 00-01-00.296,851,925,1359,1661,1974,5386,19715,4129,2888,16270,[1],5000;
2026-03-24-12:45:20.404: 00-01-00.530,728,751,1279,1428,4221,13316,4248,2679,2469,14184,[2],8000;
2026-03-24-12:45:20.638: 00-01-00.763,1755,1555,3050,12722,21180,20233,15532,8211,5432,25500,[3],8000;
2026-03-24-12:45:20.871: 00-01-00.997,459,552,906,1206,1558,2032,2583,2326,1732,6569,[4],8000;
2026-03-24-12:45:21.105: 00-01-01.230,1240,3844,25500,9418,3204,2888,3786,3476,3293,25500,[5],8000;
2026-03-24-12:45:21.338: 00-01-01.463,2342,25500,12836,2693,2958,3241,4259,3997,2508,25500,[6],8000;
2026-03-24-12:45:21.570: 00-01-01.696,12338,2987,1473,1942,2497,3014,3818,3233,1976,17996,[7],8000;
2026-03-24-12:45:21.803: 00-01-01.928,739,864,1310,1707,2095,2710,3299,2994,12490,9280,[8],1200;
2026-03-24-12:45:22.035: 00-01-02.161,866,1017,1484,1782,2372,3067,14257,8508,2396,13986,[0],3000;
2026-03-24-12:45:22.267: 00-01-02.392,918,1048,1553,1933,2379,5802,20345,4677,2982,17225,[1],5000;
2026-03-24-12:45:22.500: 00-01-02.625,804,893,1499,1733,4618,13635,4833,3249,2553,15051,[2],8000;
2026-03-24-12:45:22.732: 00-01-02.857,1822,1658,3230,13207,21897,20592,15901,8656,5544,25500,[3],8000;
2026-03-24-12:45:22.965: 00-01-03.090,529,689,1119,1508,1996,2417,3197,2890,1804,7339,[4],8000;
2026-03-24-12:45:23.198: 00-01-03.324,1331,4025,25500,10000,3586,3203,4329,3970,3479,25500,[5],8000;
2026-03-24-12:45:23.432: 00-01-03.557,2385,25500,13020,2801,3057,3361,4489,4218,2617,25500,[6],8000;
2026-03-24-12:45:23.665: 00-01-03.791,12476,3029,1492,1974,2516,3026,3862,3271,1967,18144,[7],8000;
2026-03-24-12:45:23.898: 00-01-04.024,746,881,1333,1742,2142,2755,3374,3063,12572,9374,[8],1200;
2026-03-24-12:45:24.132: 00-01-04.257,869,1026,1495,1798,2367,3060,14295,8533,2392,13967,[0],3000;
2026-03-24-12:45:24.365: 00-01-04.491,915,1042,1543,1920,2358,5785,20380,4656,2966,17176,[1],5000;
2026-03-24-12:45:24.599: 00-01-04.724,800,886,1488,1717,4601,13639,4805,3221,2538,15003,[2],8000;
2026-03-24-12:45:24.832: 00-01-04.958,1818,1651,3220,13215,21914,20594,15888,8618,5534,25500,[3],8000;
2026-03-24-12:45:25.065: 00-01-05.191,520,677,1100,1482,1964,2377,3145,2844,1772,7223,[4],8000;
2026-03-24-12:45:25.299: 00-01-05.424,1321,4008,25500,9968,3551,3158,4271,3919,3448,25500,[5],8000;
2026-03-24-12:45:25.531: 00-01-05.657,2378,25500,13021,2775,3012,3307,4414,4156,2576,25500,[6],8000;
2026-03-24-12:45:25.765: 00-01-05.890,12490,3012,1464,1936,2469,2969,3788,3202,1924,17990,[7],8000;
2026-03-24-12:45:25.998: 00-01-06.124,736,866,1310,1710,2101,2704,3311,3004,12551,9219,[8],1200;
2026-03-24-12:45:26.232: 00-01-06.357,861,1015,1477,1775,2333,3022,14272,8495,2356,13847,[0],3000;
2026-03-24-12:45:26.465: 00-01-06.590,907,1032,1525,1896,2327,5755,20374,4621,2940,17080,[1],5000;
2026-03-24-12:45:26.697: 00-01-06.823,792,876,1472,1696,4573,13623,4762,3179,2512,14912,[2],8000;
2026-03-24-12:45:26.931: 00-01-07.056,1815,1645,3211,13218,21931,20606,15873,8599,5530,25500,[3],8000;
2026-03-24-12:45:27.163: 00-01-07.289,516,672,1093,1470,1948,2357,3120,2824,1756,7161,[4],8000;
