2026-02-26-01:45:42.820: 00-02-08.241,6,3,2,4,8,15,26,22,2,49,[7],8000;
2026-02-26-01:45:43.053: 00-02-08.473,238,224,258,275,190,402,242,207,15759,2924,[8],1200;
2026-02-26-01:45:43.286: 00-02-08.707,296,257,288,251,317,410,7013,4954,592,5864,[0],3000;
2026-02-26-01:45:43.518: 00-02-08.939,252,216,258,243,220,1348,9089,1239,664,5442,[1],5000;
2026-02-26-01:45:43.752: 00-02-09.172,57,40,75,45,329,2119,526,74,148,1339,[2],8000;
2026-02-26-01:45:43.984: 00-02-09.405,185,146,200,434,935,1995,3011,1792,522,4078,[3],8000;
2026-02-26-01:45:44.218: 00-02-09.638,0,0,0,0,0,0,0,0,0,0,[4],8000;
2026-02-26-01:45:44.450: 00-02-09.871,33,61,932,450,77,38,50,44,56,843,[5],8000;
2026-02-26-01:45:44.684: 00-02-10.104,12,257,246,38,24,23,32,31,14,341,[6],8000;
2026-02-26-01:45:44.915: 00-02-10.335,6,3,2,4,7,15,26,21,4,49,[7],8000;
2026-02-26-01:45:45.146: 00-02-10.567,239,225,258,275,190,403,243,207,15798,2930,[8],1200;
2026-02-26-01:45:45.379: 00-02-10.799,296,256,288,251,317,411,7013,4956,592,5866,[0],3000;
2026-02-26-01:45:45.612: 00-02-11.033,252,216,258,243,220,1348,9098,1239,665,5441,[1],5000;
2026-02-26-01:45:45.844: 00-02-11.264,58,41,75,46,335,2141,528,75,150,1354,[2],8000;
2026-02-26-01:45:46.076: 00-02-11.497,186,147,201,440,953,2011,3011,1792,522,4090,[3],8000;
2026-02-26-01:45:46.309: 00-02-11.730,0,0,0,0,0,0,0,0,0,0,[4],8000;
2026-02-26-01:45:46.541: 00-02-11.961,33,63,940,454,78,38,50,44,58,849,[5],8000;
2026-02-26-01:45:46.774: 00-02-12.195,12,260,248,38,24,23,32,31,14,344,[6],8000;
2026-02-26-01:45:47.008: 00-02-12.428,6,4,2,4,8,15,26,22,4,50,[7],8000;
2026-02-26-01:45:47.239: 00-02-12.660,239,226,258,276,190,403,243,207,15815,2933,[8],1200;
2026-02-26-01:45:47.472: 00-02-12.893,296,256,288,251,317,410,7003,4953,591,5860,[0],3000;
2026-02-26-01:45:47.705: 00-02-13.125,252,216,258,242,220,1346,9087,1239,663,5437,[1],5000;
2026-02-26-01:45:47.938: 00-02-13.359,58,41,76,46,337,2146,529,75,150,1358,[2],8000;
2026-02-26-01:45:48.170: 00-02-13.590,186,147,201,442,960,2011,3006,1788,522,4095,[3],8000;
2026-02-26-01:45:48.402: 00-02-13.823,0,0,0,0,0,0,0,0,0,0,[4],8000;
2026-02-26-01:45:48.634: 00-02-14.054,33,62,945,455,78,38,51,44,56,851,[5],8000;
2026-02-26-01:45:48.867: 00-02-14.288,13,261,249,38,24,24,32,31,14,345,[6],8000;
2026-02-26-01:45:49.099: 00-02-14.520,6,3,2,4,8,15,26,22,4,50,[7],8000;
2026-02-26-01:45:49.332: 00-02-14.752,240,226,259,277,190,403,243,207,15838,2937,[8],1200;
2026-02-26-01:45:49.565: 00-02-14.986,295,256,287,251,317,408,6993,4943,591,5852,[0],3000;
2026-02-26-01:45:49.797: 00-02-15.218,251,216,258,241,219,1341,9065,1235,662,5418,[1],5000;
2026-02-26-01:45:50.031: 00-02-15.452,57,41,75,45,332,2119,523,74,148,1340,[2],8000;
2026-02-26-01:45:50.263: 00-02-15.684,184,145,199,434,937,1978,2980,1777,518,4046,[3],8000;
2026-02-26-01:45:50.497: 00-02-15.917,0,0,0,0,0,0,0,0,0,0,[4],8000;
2026-02-26-01:45:50.727: 00-02-16.148,32,60,918,442,75,37,49,43,54,825,[5],8000;
2026-02-26-01:45:50.960: 00-02-16.380,12,252,242,37,24,23,31,30,14,335,[6],8000;
2026-02-26-01:45:51.193: 00-02-16.614,6,3,2,4,7,15,26,22,2,49,[7],8000;
2026-02-26-01:45:51.424: 00-02-16.845,239,226,258,276,190,403,242,207,15803,2932,[8],1200;
2026-02-26-01:45:51.658: 00-02-17.079,294,255,286,250,315,408,6962,4927,588,5830,[0],3000;
2026-02-26-01:45:51.889: 00-02-17.310,249,214,256,241,218,1331,9013,1230,657,5386,[1],5000;
2026-02-26-01:45:52.123: 00-02-17.543,55,39,73,44,319,2058,512,72,144,1304,[2],8000;
2026-02-26-01:45:52.355: 00-02-17.776,181,143,195,418,891,1921,2945,1764,508,3966,[3],8000;
2026-02-26-01:45:52.587: 00-02-18.007,0,0,0,0,0,0,0,0,0,0,[4],8000;
2026-02-26-01:45:52.819: 00-02-18.240,31,58,889,429,73,35,48,42,52,800,[5],8000;
2026-02-26-01:45:53.053: 00-02-18.473,12,241,235,36,23,22,30,29,14,323,[6],8000;
2026-02-26-01:45:53.286: 00-02-18.707,6,3,2,4,8,15,26,22,2,48,[7],8000;
2026-02-26-01:45:53.518: 00-02-18.939,239,226,258,275,190,402,243,207,15779,2926,[8],1200;
2026-02-26-01:45:53.751: 00-02-19.171,292,254,285,250,314,406,6935,4915,586,5805,[0],3000;
2026-02-26-01:45:53.984: 00-02-19.405,248,214,255,239,216,1324,8980,1227,656,5367,[1],5000;
2026-02-26-01:45:54.218: 00-02-19.638,54,39,71,43,308,2010,503,70,142,1272,[2],8000;
2026-02-26-01:45:54.449: 00-02-19.870,179,142,192,407,859,1890,2935,1760,504,3924,[3],8000;
2026-02-26-01:45:54.682: 00-02-20.103,0,0,0,0,0,0,0,0,0,0,[4],8000;
2026-02-26-01:45:54.915: 00-02-20.335,31,57,878,424,72,35,47,41,52,791,[5],8000;
2026-02-26-01:45:55.148: 00-02-20.569,11,235,229,35,22,22,30,28,16,315,[6],8000;
2026-02-26-01:45:55.382: 00-02-20.802,6,3,2,4,7,15,25,21,4,48,[7],8000;
2026-02-26-01:45:55.613: 00-02-21.034,238,225,257,275,190,402,242,206,15771,2925,[8],1200;
2026-02-26-01:45:55.846: 00-02-21.267,293,254,285,250,315,407,6945,4920,586,5818,[0],3000;
