2026-03-24-13:05:02.855: 00-00-41.799,271,217,301,750,1553,2957,4168,2492,827,6069,[3],8000;
2026-03-24-13:05:03.088: 00-00-42.032,7,7,7,7,7,11,29,63,70,139,[4],8000;
2026-03-24-13:05:03.319: 00-00-42.263,29,48,627,308,59,36,62,92,108,690,[5],8000;
2026-03-24-13:05:03.551: 00-00-42.495,13,135,136,29,21,24,46,76,70,306,[6],8000;
2026-03-24-13:05:03.783: 00-00-42.727,17,13,13,16,23,37,68,90,68,200,[7],8000;
2026-03-24-13:05:04.015: 00-00-42.959,264,252,284,306,213,443,288,281,16822,3222,[8],1200;
2026-03-24-13:05:04.248: 00-00-43.192,228,203,224,197,248,322,5406,3832,522,4689,[0],3000;
2026-03-24-13:05:04.481: 00-00-43.425,223,196,228,216,198,1191,7907,1136,642,4902,[1],5000;
2026-03-24-13:05:04.715: 00-00-43.659,81,61,104,66,462,2764,690,151,252,1888,[2],8000;
2026-03-24-13:05:04.948: 00-00-43.892,304,241,338,875,1886,3466,4649,2697,894,6814,[3],8000;
2026-03-24-13:05:05.180: 00-00-44.125,6,6,6,6,6,9,25,56,56,120,[4],8000;
2026-03-24-13:05:05.413: 00-00-44.357,31,52,699,347,66,38,63,90,98,742,[5],8000;
2026-03-24-13:05:05.644: 00-00-44.588,14,153,151,32,24,26,49,80,70,327,[6],8000;
2026-03-24-13:05:05.877: 00-00-44.821,18,14,13,17,24,39,71,96,70,211,[7],8000;
2026-03-24-13:05:06.108: 00-00-45.052,264,252,284,306,214,444,293,291,16794,3235,[8],1200;
2026-03-24-13:05:06.341: 00-00-45.286,232,206,228,200,252,328,5484,3892,536,4769,[0],3000;
2026-03-24-13:05:06.575: 00-00-45.519,227,199,232,221,202,1212,8023,1161,654,4986,[1],5000;
2026-03-24-13:05:06.808: 00-00-45.752,85,63,109,70,482,2864,716,165,268,1966,[2],8000;
2026-03-24-13:05:07.042: 00-00-45.986,307,244,341,885,1912,3483,4635,2695,905,6830,[3],8000;
2026-03-24-13:05:07.274: 00-00-46.218,6,7,6,7,7,10,29,64,64,136,[4],8000;
2026-03-24-13:05:07.507: 00-00-46.451,32,53,698,347,67,39,67,98,106,752,[5],8000;
2026-03-24-13:05:07.739: 00-00-46.683,15,150,149,32,24,27,52,86,76,335,[6],8000;
2026-03-24-13:05:07.971: 00-00-46.916,17,14,14,17,24,39,72,99,74,216,[7],8000;
2026-03-24-13:05:08.204: 00-00-47.148,264,252,284,306,214,443,293,291,16759,3227,[8],1200;
2026-03-24-13:05:08.437: 00-00-47.381,232,206,228,201,253,328,5478,3891,536,4768,[0],3000;
2026-03-24-13:05:08.670: 00-00-47.615,228,199,232,221,202,1212,8024,1162,655,4989,[1],5000;
2026-03-24-13:05:08.903: 00-00-47.847,85,64,109,70,479,2859,716,165,266,1963,[2],8000;
2026-03-24-13:05:09.136: 00-00-48.081,306,244,341,876,1896,3494,4668,2706,902,6839,[3],8000;
2026-03-24-13:05:09.369: 00-00-48.313,7,7,7,7,7,10,28,63,60,133,[4],8000;
2026-03-24-13:05:09.601: 00-00-48.545,31,51,676,338,65,39,66,96,102,731,[5],8000;
2026-03-24-13:05:09.834: 00-00-48.778,14,143,144,31,23,27,51,84,72,325,[6],8000;
2026-03-24-13:05:10.066: 00-00-49.010,17,14,13,17,24,39,72,99,72,215,[7],8000;
2026-03-24-13:05:10.297: 00-00-49.242,264,252,284,306,214,444,293,291,16773,3230,[8],1200;
2026-03-24-13:05:10.531: 00-00-49.475,233,207,229,201,253,329,5492,3902,538,4780,[0],3000;
2026-03-24-13:05:10.764: 00-00-49.708,227,199,233,221,202,1210,8018,1162,657,4986,[1],5000;
2026-03-24-13:05:10.998: 00-00-49.942,85,63,108,69,471,2823,711,166,268,1944,[2],8000;
2026-03-24-13:05:11.231: 00-00-50.175,305,242,338,863,1865,3455,4639,2695,898,6783,[3],8000;
2026-03-24-13:05:11.465: 00-00-50.409,7,7,7,7,7,10,30,66,64,138,[4],8000;
2026-03-24-13:05:11.697: 00-00-50.641,31,51,671,336,64,38,66,98,106,732,[5],8000;
2026-03-24-13:05:11.928: 00-00-50.873,14,145,145,31,23,27,52,87,76,332,[6],8000;
2026-03-24-13:05:12.161: 00-00-51.105,18,14,14,17,24,39,73,101,74,218,[7],8000;
2026-03-24-13:05:12.393: 00-00-51.337,265,252,284,306,214,443,294,293,16768,3232,[8],1200;
2026-03-24-13:05:12.626: 00-00-51.571,232,206,227,200,252,326,5452,3880,536,4750,[0],3000;
2026-03-24-13:05:12.860: 00-00-51.804,226,198,231,219,200,1199,7958,1154,654,4949,[1],5000;
2026-03-24-13:05:13.092: 00-00-52.037,83,62,106,68,462,2776,701,164,264,1914,[2],8000;
2026-03-24-13:05:13.325: 00-00-52.269,302,240,336,854,1847,3429,4617,2684,896,6750,[3],8000;
2026-03-24-13:05:13.558: 00-00-52.502,7,7,7,7,7,11,29,65,64,138,[4],8000;
2026-03-24-13:05:13.791: 00-00-52.735,31,51,682,341,65,39,67,98,106,742,[5],8000;
2026-03-24-13:05:14.023: 00-00-52.967,15,150,148,32,24,27,52,87,76,336,[6],8000;
2026-03-24-13:05:14.255: 00-00-53.200,18,15,14,17,25,40,73,101,76,221,[7],8000;
