2026-03-24-13:07:31.268: 00-03-10.215,214,172,233,537,1170,2347,3346,2019,654,4841,[3],8000;
2026-03-24-13:07:31.501: 00-03-10.449,5,5,5,5,5,8,22,47,50,105,[4],8000;
2026-03-24-13:07:31.734: 00-03-10.681,22,35,474,242,46,28,50,73,88,555,[5],8000;
2026-03-24-13:07:31.965: 00-03-10.913,11,101,106,23,17,21,41,69,70,260,[6],8000;
2026-03-24-13:07:32.198: 00-03-11.145,14,11,11,13,19,33,64,87,72,192,[7],8000;
2026-03-24-13:07:32.430: 00-03-11.377,256,243,274,296,204,427,278,273,16175,3112,[8],1200;
2026-03-24-13:07:32.663: 00-03-11.611,203,181,199,177,223,287,4863,3459,468,4148,[0],3000;
2026-03-24-13:07:32.897: 00-03-11.844,228,200,232,221,201,1215,8130,1154,648,4969,[1],5000;
2026-03-24-13:07:33.129: 00-03-12.077,69,52,89,57,371,2255,566,139,230,1554,[2],8000;
2026-03-24-13:07:33.361: 00-03-12.309,255,204,286,750,1465,2679,3695,2226,838,5628,[3],8000;
2026-03-24-13:07:33.595: 00-03-12.542,10,11,11,11,8,12,31,67,76,150,[4],8000;
2026-03-24-13:07:33.826: 00-03-12.774,21,33,421,218,45,28,50,74,82,530,[5],8000;
2026-03-24-13:07:34.059: 00-03-13.006,10,106,115,24,17,19,37,58,52,240,[6],8000;
2026-03-24-13:07:34.290: 00-03-13.238,12,9,9,12,17,30,57,73,50,155,[7],8000;
2026-03-24-13:07:34.522: 00-03-13.470,270,256,288,311,213,447,286,272,16828,3204,[8],1200;
2026-03-24-13:07:34.756: 00-03-13.704,234,206,227,201,252,323,5535,3926,514,4774,[0],3000;
2026-03-24-13:07:34.988: 00-03-13.936,232,203,236,224,204,1218,8266,1174,655,5129,[1],5000;
2026-03-24-13:07:35.222: 00-03-14.169,74,55,95,60,413,2526,638,131,222,1735,[2],8000;
2026-03-24-13:07:35.454: 00-03-14.402,287,227,315,806,1795,3267,4365,2536,833,6453,[3],8000;
2026-03-24-13:07:35.688: 00-03-14.635,4,4,4,4,5,7,20,44,46,96,[4],8000;
2026-03-24-13:07:35.920: 00-03-14.868,22,34,476,247,47,28,48,67,74,535,[5],8000;
2026-03-24-13:07:36.153: 00-03-15.100,11,111,118,25,18,21,40,64,56,255,[6],8000;
2026-03-24-13:07:36.385: 00-03-15.333,12,10,10,12,18,30,59,81,56,170,[7],8000;
2026-03-24-13:07:36.617: 00-03-15.565,251,240,269,290,205,426,281,282,15959,3082,[8],1200;
2026-03-24-13:07:36.851: 00-03-15.798,243,214,237,208,261,337,5697,4038,546,4941,[0],3000;
2026-03-24-13:07:37.084: 00-03-16.032,241,211,246,233,213,1269,8518,1223,682,5267,[1],5000;
2026-03-24-13:07:37.316: 00-03-16.263,82,61,104,66,523,3098,765,177,286,2142,[2],8000;
2026-03-24-13:07:37.549: 00-03-16.497,350,276,389,1053,2361,4090,5249,3032,1044,8016,[3],8000;
2026-03-24-13:07:37.781: 00-03-16.729,7,7,7,7,7,11,31,70,60,142,[4],8000;
2026-03-24-13:07:38.014: 00-03-16.961,28,44,587,301,59,36,64,99,96,676,[5],8000;
2026-03-24-13:07:38.245: 00-03-17.193,14,153,153,32,23,26,49,79,60,320,[6],8000;
2026-03-24-13:07:38.478: 00-03-17.425,13,11,10,13,19,33,63,82,64,178,[7],8000;
2026-03-24-13:07:38.710: 00-03-17.658,251,239,268,290,201,419,274,264,15655,3011,[8],1200;
2026-03-24-13:07:38.943: 00-03-17.891,229,203,224,197,248,321,5506,3840,506,4696,[0],3000;
2026-03-24-13:07:39.177: 00-03-18.125,239,209,244,232,210,1290,8610,1199,669,5273,[1],5000;
2026-03-24-13:07:39.409: 00-03-18.357,91,67,117,73,531,3180,776,150,268,2123,[2],8000;
2026-03-24-13:07:39.642: 00-03-18.589,358,281,399,1092,2447,4215,5382,3111,1053,8181,[3],8000;
2026-03-24-13:07:39.875: 00-03-18.823,3,4,3,3,3,6,17,38,36,80,[4],8000;
2026-03-24-13:07:40.107: 00-03-19.054,20,31,436,227,43,25,43,60,62,484,[5],8000;
2026-03-24-13:07:40.339: 00-03-19.287,9,105,107,23,16,19,35,55,46,227,[6],8000;
2026-03-24-13:07:40.570: 00-03-19.518,12,9,9,11,16,29,56,72,52,153,[7],8000;
2026-03-24-13:07:40.803: 00-03-19.750,244,232,261,283,196,409,263,249,15349,2931,[8],1200;
2026-03-24-13:07:41.035: 00-03-19.983,229,203,223,197,247,319,5463,3834,508,4679,[0],3000;
2026-03-24-13:07:41.268: 00-03-20.216,235,205,240,228,206,1257,8381,1180,662,5157,[1],5000;
2026-03-24-13:07:41.502: 00-03-20.450,84,62,109,68,482,2959,736,147,254,1980,[2],8000;
2026-03-24-13:07:41.734: 00-03-20.682,374,294,418,1148,2533,4413,5622,3181,1086,8442,[3],8000;
2026-03-24-13:07:41.967: 00-03-20.915,3,4,3,3,3,5,16,36,32,77,[4],8000;
2026-03-24-13:07:42.199: 00-03-21.147,28,47,666,332,61,33,53,68,76,683,[5],8000;
2026-03-24-13:07:42.432: 00-03-21.379,10,128,131,26,19,21,38,55,42,252,[6],8000;
2026-03-24-13:07:42.663: 00-03-21.611,10,8,7,10,15,28,54,68,42,142,[7],8000;
2026-03-24-13:07:42.894: 00-03-21.842,243,231,260,281,194,405,260,247,15240,2913,[8],1200;
2026-03-24-13:07:43.128: 00-03-22.076,234,208,229,202,251,324,5558,3908,514,4754,[0],3000;
2026-03-24-13:07:43.361: 00-03-22.309,233,204,238,227,206,1260,8426,1180,659,5171,[1],5000;
2026-03-24-13:07:43.595: 00-03-22.542,81,60,106,66,468,2890,719,137,244,1926,[2],8000;
2026-03-24-13:07:43.827: 00-03-22.775,365,288,407,1107,2424,4294,5553,3151,1068,8257,[3],8000;
2026-03-24-13:07:44.060: 00-03-23.007,3,3,3,3,3,6,16,36,32,77,[4],8000;
2026-03-24-13:07:44.291: 00-03-23.239,27,46,661,329,61,33,54,70,78,679,[5],8000;
2026-03-24-13:07:44.523: 00-03-23.471,10,125,128,25,18,21,37,56,44,249,[6],8000;
2026-03-24-13:07:44.756: 00-03-23.704,9,8,8,9,14,26,52,66,42,137,[7],8000;
2026-03-24-13:07:44.988: 00-03-23.936,242,230,259,279,193,404,258,244,15256,2908,[8],1200;
2026-03-24-13:07:45.221: 00-03-24.169,233,207,228,201,252,326,5598,3937,518,4792,[0],3000;
2026-03-24-13:07:45.455: 00-03-24.403,234,205,240,228,206,1256,8414,1179,657,5162,[1],5000;
2026-03-24-13:07:45.689: 00-03-24.636,81,60,105,66,461,2852,711,134,240,1896,[2],8000;
2026-03-24-13:07:45.922: 00-03-24.870,358,282,400,1087,2360,4174,5415,3086,1045,8076,[3],8000;
2026-03-24-13:07:46.155: 00-03-25.103,2,3,3,2,3,5,14,32,30,69,[4],8000;
2026-03-24-13:07:46.388: 00-03-25.335,26,45,648,321,58,31,50,63,72,654,[5],8000;
2026-03-24-13:07:46.620: 00-03-25.568,10,121,123,24,17,19,34,51,42,237,[6],8000;
2026-03-24-13:07:46.852: 00-03-25.800,9,8,7,9,14,25,50,63,40,131,[7],8000;
2026-03-24-13:07:47.085: 00-03-26.033,240,228,257,278,192,402,256,241,15181,2891,[8],1200;
2026-03-24-13:07:47.318: 00-03-26.266,227,201,222,195,245,316,5432,3827,500,4650,[0],3000;
2026-03-24-13:07:47.551: 00-03-26.500,229,200,234,222,202,1229,8244,1154,642,5053,[1],5000;
2026-03-24-13:07:47.785: 00-03-26.733,80,58,103,64,454,2806,699,130,236,1866,[2],8000;
2026-03-24-13:07:48.018: 00-03-26.966,355,280,397,1080,2346,4131,5362,3059,1035,8008,[3],8000;
2026-03-24-13:07:48.251: 00-03-27.199,3,3,2,2,3,4,12,30,28,65,[4],8000;
2026-03-24-13:07:48.484: 00-03-27.432,26,45,647,321,58,31,48,61,70,652,[5],8000;
2026-03-24-13:07:48.717: 00-03-27.665,9,122,124,24,17,19,33,48,40,233,[6],8000;
2026-03-24-13:07:48.949: 00-03-27.897,8,7,7,9,14,25,48,59,36,124,[7],8000;
2026-03-24-13:07:49.181: 00-03-28.129,239,226,255,276,191,399,253,236,15072,2866,[8],1200;
2026-03-24-13:07:49.414: 00-03-28.362,226,200,221,194,245,315,5411,3810,498,4626,[0],3000;
2026-03-24-13:07:49.647: 00-03-28.595,225,197,230,219,195,1184,7952,1118,627,4884,[1],5000;
2026-03-24-13:07:49.881: 00-03-28.829,77,57,99,62,438,2715,677,127,230,1807,[2],8000;
2026-03-24-13:07:50.113: 00-03-29.061,353,278,394,1076,2339,4103,5322,3040,1034,7981,[3],8000;
2026-03-24-13:07:50.347: 00-03-29.294,2,3,2,3,3,4,13,30,34,68,[4],8000;
2026-03-24-13:07:50.579: 00-03-29.527,26,45,641,317,57,31,48,61,74,649,[5],8000;
2026-03-24-13:07:50.811: 00-03-29.759,9,122,124,24,17,19,33,49,44,236,[6],8000;
2026-03-24-13:07:51.044: 00-03-29.992,9,8,7,9,14,25,49,60,42,129,[7],8000;
2026-03-24-13:07:51.276: 00-03-30.224,240,228,257,278,193,402,255,239,15164,2888,[8],1200;
2026-03-24-13:07:51.509: 00-03-30.458,224,198,219,193,243,313,5365,3783,496,4591,[0],3000;
2026-03-24-13:07:51.743: 00-03-30.691,224,196,229,218,198,1203,8080,1133,632,4957,[1],5000;
2026-03-24-13:07:51.976: 00-03-30.924,77,57,99,62,437,2711,678,127,232,1805,[2],8000;
2026-03-24-13:07:52.210: 00-03-31.158,352,277,392,1066,2308,4080,5321,3039,1030,7942,[3],8000;
2026-03-24-13:07:52.443: 00-03-31.391,3,3,3,2,3,5,13,30,34,68,[4],8000;
2026-03-24-13:07:52.676: 00-03-31.624,26,44,635,315,57,31,48,61,74,643,[5],8000;
2026-03-24-13:07:52.908: 00-03-31.856,9,120,122,24,17,19,33,49,42,233,[6],8000;
2026-03-24-13:07:53.140: 00-03-32.088,9,7,7,9,14,25,49,60,40,128,[7],8000;
2026-03-24-13:07:53.373: 00-03-32.321,240,228,257,277,192,401,255,238,15164,2884,[8],1200;
2026-03-24-13:07:53.606: 00-03-32.554,224,198,219,192,243,312,5355,3779,496,4589,[0],3000;
2026-03-24-13:07:53.839: 00-03-32.788,225,196,230,218,198,1201,8083,1134,634,4960,[1],5000;
2026-03-24-13:07:54.073: 00-03-33.021,76,57,99,62,429,2684,676,127,232,1792,[2],8000;
2026-03-24-13:07:54.306: 00-03-33.254,350,276,391,1054,2276,4066,5345,3055,1032,7931,[3],8000;
2026-03-24-13:07:54.540: 00-03-33.488,3,3,3,3,3,5,14,33,36,74,[4],8000;
2026-03-24-13:07:54.771: 00-03-33.719,26,44,623,310,57,31,49,63,74,639,[5],8000;
2026-03-24-13:07:55.004: 00-03-33.952,10,119,122,24,18,20,36,55,48,245,[6],8000;
2026-03-24-13:07:55.236: 00-03-34.184,10,8,8,10,15,26,50,64,44,136,[7],8000;
2026-03-24-13:07:55.467: 00-03-34.416,241,230,259,279,194,405,259,244,15289,2916,[8],1200;
2026-03-24-13:07:55.701: 00-03-34.649,230,203,224,197,250,321,5504,3879,512,4718,[0],3000;
2026-03-24-13:07:55.934: 00-03-34.882,230,201,235,223,203,1231,8269,1161,648,5075,[1],5000;
2026-03-24-13:07:56.168: 00-03-35.116,78,58,101,64,437,2739,690,133,238,1831,[2],8000;
2026-03-24-13:07:56.400: 00-03-35.348,353,279,395,1062,2289,4083,5369,3069,1037,7949,[3],8000;
2026-03-24-13:07:56.632: 00-03-35.581,4,4,3,3,4,5,16,35,36,79,[4],8000;
2026-03-24-13:07:56.866: 00-03-35.814,26,45,632,315,57,31,51,65,78,645,[5],8000;
2026-03-24-13:07:57.098: 00-03-36.046,10,121,122,24,17,20,36,54,48,244,[6],8000;
2026-03-24-13:07:57.331: 00-03-36.279,10,8,8,10,14,26,50,64,44,136,[7],8000;
2026-03-24-13:07:57.562: 00-03-36.510,240,229,257,277,193,402,257,242,15164,2893,[8],1200;
2026-03-24-13:07:57.795: 00-03-36.744,228,202,223,196,247,319,5454,3845,508,4672,[0],3000;
2026-03-24-13:07:58.029: 00-03-36.977,229,200,234,222,202,1224,8213,1155,644,5045,[1],5000;
2026-03-24-13:07:58.262: 00-03-37.210,78,58,101,63,436,2727,687,132,236,1823,[2],8000;
2026-03-24-13:07:58.496: 00-03-37.444,348,275,389,1042,2255,4038,5296,3029,1022,7854,[3],8000;
2026-03-24-13:07:58.729: 00-03-37.677,3,4,3,3,3,5,16,35,36,79,[4],8000;
2026-03-24-13:07:58.962: 00-03-37.910,26,44,629,312,56,32,50,66,78,645,[5],8000;
2026-03-24-13:07:59.194: 00-03-38.142,10,120,122,24,17,20,35,54,48,243,[6],8000;
2026-03-24-13:07:59.426: 00-03-38.375,10,8,8,10,14,26,51,65,46,140,[7],8000;
2026-03-24-13:07:59.659: 00-03-38.607,240,228,257,277,193,401,257,243,15118,2889,[8],1200;
2026-03-24-13:07:59.892: 00-03-38.840,229,203,224,197,249,321,5484,3868,512,4704,[0],3000;
2026-03-24-13:08:00.125: 00-03-39.074,230,201,235,223,203,1231,8253,1161,650,5070,[1],5000;
2026-03-24-13:08:00.359: 00-03-39.307,78,58,101,63,437,2736,690,133,238,1828,[2],8000;
2026-03-24-13:08:00.592: 00-03-39.541,347,274,387,1029,2226,4015,5285,3029,1022,7811,[3],8000;
2026-03-24-13:08:00.826: 00-03-39.774,3,3,3,3,4,6,16,36,40,81,[4],8000;
2026-03-24-13:08:01.058: 00-03-40.006,26,43,611,305,54,30,49,65,76,614,[5],8000;
2026-03-24-13:08:01.291: 00-03-40.239,10,119,121,24,17,19,36,55,50,242,[6],8000;
2026-03-24-13:08:01.523: 00-03-40.471,10,8,8,10,15,26,52,66,48,141,[7],8000;
2026-03-24-13:08:01.755: 00-03-40.704,240,228,258,278,194,402,259,246,15153,2901,[8],1200;
2026-03-24-13:08:01.989: 00-03-40.937,230,204,225,198,249,320,5471,3863,514,4697,[0],3000;
2026-03-24-13:08:02.222: 00-03-41.170,230,201,235,224,203,1230,8253,1165,653,5074,[1],5000;
2026-03-24-13:08:02.455: 00-03-41.403,78,58,101,63,430,2711,686,134,238,1818,[2],8000;
2026-03-24-13:08:02.688: 00-03-41.636,344,272,383,1012,2139,3907,5195,2979,1003,7649,[3],8000;
2026-03-24-13:08:02.920: 00-03-41.869,4,4,3,4,4,6,17,38,40,85,[4],8000;
2026-03-24-13:08:03.153: 00-03-42.101,26,43,605,302,55,31,50,67,80,630,[5],8000;
2026-03-24-13:08:03.385: 00-03-42.333,10,115,117,24,17,20,36,56,50,242,[6],8000;
2026-03-24-13:08:03.618: 00-03-42.566,10,9,8,10,14,26,52,67,48,143,[7],8000;
2026-03-24-13:08:03.850: 00-03-42.798,240,227,257,277,193,401,257,245,15098,2888,[8],1200;
2026-03-24-13:08:04.082: 00-03-43.031,229,203,224,197,248,319,5459,3855,513,4689,[0],3000;
2026-03-24-13:08:04.316: 00-03-43.264,229,200,234,223,203,1227,8229,1160,652,5058,[1],5000;
2026-03-24-13:08:04.549: 00-03-43.498,76,57,99,62,422,2671,679,132,236,1789,[2],8000;
2026-03-24-13:08:04.783: 00-03-43.731,337,267,375,978,2089,3872,5194,2981,995,7589,[3],8000;
2026-03-24-13:08:05.016: 00-03-43.964,4,4,4,3,4,6,17,37,40,84,[4],8000;
2026-03-24-13:08:05.249: 00-03-44.197,26,42,600,300,54,31,50,67,78,622,[5],8000;
2026-03-24-13:08:05.481: 00-03-44.429,10,113,116,24,17,20,36,56,50,239,[6],8000;
2026-03-24-13:08:05.713: 00-03-44.662,10,8,8,10,14,26,52,67,50,143,[7],8000;
2026-03-24-13:08:05.946: 00-03-44.894,240,228,257,277,193,402,258,245,15119,2889,[8],1200;
2026-03-24-13:08:06.179: 00-03-45.127,229,203,225,198,249,320,5482,3870,514,4707,[0],3000;
2026-03-24-13:08:06.412: 00-03-45.361,230,201,235,224,204,1234,8278,1167,655,5089,[1],5000;
2026-03-24-13:08:06.646: 00-03-45.594,78,58,100,63,430,2718,689,134,240,1821,[2],8000;
2026-03-24-13:08:06.879: 00-03-45.828,341,270,380,993,2137,3925,5234,2998,1004,7664,[3],8000;
2026-03-24-13:08:07.113: 00-03-46.061,4,4,3,3,4,6,17,37,40,84,[4],8000;
2026-03-24-13:08:07.346: 00-03-46.294,26,42,601,301,55,31,50,67,78,624,[5],8000;
2026-03-24-13:08:07.579: 00-03-46.527,10,115,118,24,17,20,36,56,50,243,[6],8000;
2026-03-24-13:08:07.810: 00-03-46.758,10,9,8,10,15,27,52,67,52,145,[7],8000;
2026-03-24-13:08:08.042: 00-03-46.991,240,228,258,278,193,403,260,247,15148,2901,[8],1200;
2026-03-24-13:08:08.276: 00-03-47.224,231,204,226,199,250,322,5502,3885,518,4730,[0],3000;
2026-03-24-13:08:08.508: 00-03-47.457,231,202,236,224,204,1234,8284,1170,657,5095,[1],5000;
2026-03-24-13:08:08.742: 00-03-47.690,78,58,101,63,432,2720,690,135,240,1825,[2],8000;
2026-03-24-13:08:08.975: 00-03-47.923,339,268,378,983,2103,3888,5206,2986,998,7604,[3],8000;
2026-03-24-13:08:09.208: 00-03-48.157,4,4,4,4,4,6,17,38,42,86,[4],8000;
2026-03-24-13:08:09.441: 00-03-48.389,25,42,595,298,55,30,50,67,82,621,[5],8000;
2026-03-24-13:08:09.673: 00-03-48.622,10,116,118,24,17,20,36,57,52,244,[6],8000;
2026-03-24-13:08:09.906: 00-03-48.854,10,8,8,10,15,27,53,68,50,146,[7],8000;
2026-03-24-13:08:10.136: 00-03-49.084,240,228,258,278,193,403,259,246,15150,2900,[8],1200;
2026-03-24-13:08:10.368: 00-03-49.317,231,205,226,198,251,323,5513,3895,520,4737,[0],3000;
2026-03-24-13:08:10.602: 00-03-49.550,232,202,236,225,205,1236,8297,1171,657,5101,[1],5000;
2026-03-24-13:08:10.835: 00-03-49.784,77,57,100,63,426,2694,686,134,238,1805,[2],8000;
2026-03-24-13:08:11.069: 00-03-50.017,337,268,377,974,2087,3875,5209,2987,995,7585,[3],8000;
2026-03-24-13:08:11.302: 00-03-50.250,4,4,3,4,4,6,17,38,42,86,[4],8000;
2026-03-24-13:08:11.535: 00-03-50.483,26,42,590,296,54,30,50,67,82,616,[5],8000;
2026-03-24-13:08:11.767: 00-03-50.715,10,113,115,23,17,20,36,56,52,240,[6],8000;
2026-03-24-13:08:11.999: 00-03-50.948,10,8,8,10,14,26,51,66,48,141,[7],8000;
2026-03-24-13:08:12.232: 00-03-51.180,238,227,256,276,191,400,257,243,15051,2879,[8],1200;
2026-03-24-13:08:12.464: 00-03-51.413,231,204,226,198,250,323,5523,3900,518,4740,[0],3000;
2026-03-24-13:08:12.697: 00-03-51.646,231,202,236,225,205,1238,8303,1172,655,5103,[1],5000;
2026-03-24-13:08:12.931: 00-03-51.879,78,58,101,63,427,2708,689,133,236,1813,[2],8000;
2026-03-24-13:08:13.164: 00-03-52.113,340,270,379,986,2114,3921,5252,3006,1002,7651,[3],8000;
2026-03-24-13:08:13.398: 00-03-52.346,4,4,3,4,4,6,16,37,38,83,[4],8000;
2026-03-24-13:08:13.630: 00-03-52.579,26,43,604,304,55,31,50,67,80,629,[5],8000;
2026-03-24-13:08:13.863: 00-03-52.811,10,115,118,24,17,20,36,55,48,240,[6],8000;
2026-03-24-13:08:14.095: 00-03-53.043,10,8,8,10,14,26,52,67,48,142,[7],8000;
2026-03-24-13:08:14.326: 00-03-53.275,239,227,257,277,193,402,258,245,15101,2890,[8],1200;
2026-03-24-13:08:14.560: 00-03-53.508,232,205,227,200,252,325,5551,3919,520,4764,[0],3000;
2026-03-24-13:08:14.791: 00-03-53.740,233,203,237,226,206,1243,8343,1176,658,5128,[1],5000;
2026-03-24-13:08:15.025: 00-03-53.973,79,59,102,64,435,2745,696,134,240,1836,[2],8000;
2026-03-24-13:08:15.257: 00-03-54.206,345,273,385,1010,2191,3999,5285,3023,1012,7754,[3],8000;
2026-03-24-13:08:15.490: 00-03-54.439,4,4,4,4,4,6,16,37,40,83,[4],8000;
2026-03-24-13:08:15.722: 00-03-54.670,26,44,619,311,56,32,51,67,80,639,[5],8000;
2026-03-24-13:08:15.954: 00-03-54.903,10,118,120,24,17,20,36,56,48,244,[6],8000;
2026-03-24-13:08:16.187: 00-03-55.135,10,8,8,10,14,26,52,67,48,143,[7],8000;
2026-03-24-13:08:16.419: 00-03-55.368,240,228,257,278,193,402,259,246,15152,2899,[8],1200;
2026-03-24-13:08:16.652: 00-03-55.601,233,206,228,201,253,327,5574,3935,522,4786,[0],3000;
2026-03-24-13:08:16.886: 00-03-55.834,233,203,238,227,206,1249,8373,1182,661,5147,[1],5000;
2026-03-24-13:08:17.118: 00-03-56.067,80,59,104,65,447,2799,706,137,242,1870,[2],8000;
2026-03-24-13:08:17.352: 00-03-56.300,349,277,390,1040,2273,4073,5319,3030,1024,7863,[3],8000;
2026-03-24-13:08:17.585: 00-03-56.534,4,4,3,4,4,5,16,37,40,82,[4],8000;
2026-03-24-13:08:17.819: 00-03-56.767,27,45,630,317,58,32,52,68,78,649,[5],8000;
2026-03-24-13:08:18.050: 00-03-56.999,10,121,123,25,18,20,36,56,48,247,[6],8000;
2026-03-24-13:08:18.281: 00-03-57.230,10,8,8,10,15,27,52,67,46,142,[7],8000;
2026-03-24-13:08:18.514: 00-03-57.462,241,229,259,279,194,405,259,245,15259,2911,[8],1200;
2026-03-24-13:08:18.747: 00-03-57.696,235,208,229,202,255,328,5617,3965,520,4818,[0],3000;
2026-03-24-13:08:18.980: 00-03-57.928,234,204,239,228,207,1258,8418,1184,658,5163,[1],5000;
2026-03-24-13:08:19.213: 00-03-58.162,81,60,105,66,458,2858,716,134,242,1898,[2],8000;
2026-03-24-13:08:19.446: 00-03-58.395,355,281,397,1071,2350,4160,5377,3054,1033,7974,[3],8000;
2026-03-24-13:08:19.679: 00-03-58.627,3,3,3,3,3,5,14,33,36,74,[4],8000;
2026-03-24-13:08:19.912: 00-03-58.861,27,45,636,320,58,32,51,64,76,647,[5],8000;
2026-03-24-13:08:20.145: 00-03-59.093,10,123,124,25,18,20,36,54,48,245,[6],8000;
2026-03-24-13:08:20.377: 00-03-59.326,11,9,8,11,15,28,55,71,58,155,[7],8000;
2026-03-24-13:08:20.609: 00-03-59.558,242,229,259,279,194,404,261,247,15183,2911,[8],1200;
2026-03-24-13:08:20.843: 00-03-59.791,228,202,223,196,248,319,5435,3845,514,4671,[0],3000;
2026-03-24-13:08:21.076: 00-04-00.025,229,200,234,222,202,1220,8196,1156,648,5038,[1],5000;
2026-03-24-13:08:21.310: 00-04-00.258,77,57,100,62,423,2671,679,132,236,1789,[2],8000;
2026-03-24-13:08:21.543: 00-04-00.492,331,262,368,957,2018,3749,5043,2900,971,7360,[3],8000;
2026-03-24-13:08:21.775: 00-04-00.724,4,4,4,4,4,7,18,39,46,90,[4],8000;
2026-03-24-13:08:22.009: 00-04-00.958,26,44,609,303,55,32,53,71,88,639,[5],8000;
2026-03-24-13:08:22.241: 00-04-01.190,10,104,108,23,16,20,37,57,58,235,[6],8000;
2026-03-24-13:08:22.473: 00-04-01.421,10,9,8,10,14,27,53,69,56,150,[7],8000;
2026-03-24-13:08:22.705: 00-04-01.654,239,228,256,277,193,401,258,244,15083,2886,[8],1200;
2026-03-24-13:08:22.938: 00-04-01.887,226,199,221,194,245,315,5380,3807,506,4623,[0],3000;
2026-03-24-13:08:23.172: 00-04-02.121,226,197,231,220,200,1212,8153,1146,636,5002,[1],5000;
2026-03-24-13:08:23.404: 00-04-02.353,73,54,95,59,402,2573,655,122,222,1715,[2],8000;
2026-03-24-13:08:23.636: 00-04-02.584,330,262,368,947,2021,3793,5128,2938,970,7430,[3],8000;
2026-03-24-13:08:23.869: 00-04-02.818,3,3,2,3,3,4,13,30,32,69,[4],8000;
2026-03-24-13:08:24.103: 00-04-03.051,25,41,590,296,53,29,46,60,72,603,[5],8000;
2026-03-24-13:08:24.335: 00-04-03.284,9,112,115,23,16,18,33,49,44,225,[6],8000;
2026-03-24-13:08:24.567: 00-04-03.516,9,8,7,9,13,25,49,61,42,129,[7],8000;
2026-03-24-13:08:24.800: 00-04-03.749,238,226,255,275,191,398,254,238,15009,2863,[8],1200;
2026-03-24-13:08:25.033: 00-04-03.982,227,200,222,195,245,315,5406,3823,500,4635,[0],3000;
2026-03-24-13:08:25.266: 00-04-04.215,225,196,230,218,198,1195,8057,1133,630,4937,[1],5000;
2026-03-24-13:08:25.500: 00-04-04.449,72,54,94,58,401,2569,656,121,218,1709,[2],8000;
2026-03-24-13:08:25.733: 00-04-04.682,346,274,387,1015,2155,3960,5289,3020,1001,7716,[3],8000;
2026-03-24-13:08:25.967: 00-04-04.916,3,3,3,3,3,5,14,31,34,71,[4],8000;
2026-03-24-13:08:26.200: 00-04-05.149,23,38,557,283,50,28,45,59,70,573,[5],8000;
2026-03-24-13:08:26.433: 00-04-05.381,8,98,104,21,15,18,31,48,42,208,[6],8000;
2026-03-24-13:08:26.665: 00-04-05.614,8,7,7,8,12,23,46,58,40,124,[7],8000;
2026-03-24-13:08:26.897: 00-04-05.846,229,219,246,266,185,386,246,231,14539,2768,[8],1200;
2026-03-24-13:08:27.131: 00-04-06.080,230,203,225,197,250,322,5514,3895,510,4722,[0],3000;
2026-03-24-13:08:27.364: 00-04-06.313,227,198,232,220,201,1213,8171,1151,639,5004,[1],5000;
2026-03-24-13:08:27.598: 00-04-06.546,74,55,96,59,406,2599,663,124,222,1729,[2],8000;
2026-03-24-13:08:27.831: 00-04-06.780,343,271,383,1003,2140,3946,5272,3011,995,7677,[3],8000;
2026-03-24-13:08:28.064: 00-04-07.013,3,3,3,3,3,5,13,31,32,70,[4],8000;
2026-03-24-13:08:28.297: 00-04-07.246,23,38,552,281,50,28,45,58,68,569,[5],8000;
2026-03-24-13:08:28.529: 00-04-07.478,9,98,103,21,15,17,32,48,42,208,[6],8000;
2026-03-24-13:08:28.762: 00-04-07.710,8,7,7,8,12,23,46,58,40,122,[7],8000;
2026-03-24-13:08:28.993: 00-04-07.942,230,219,246,267,185,386,246,231,14566,2768,[8],1200;
2026-03-24-13:08:29.226: 00-04-08.175,232,204,226,199,251,323,5531,3908,510,4740,[0],3000;
2026-03-24-13:08:29.460: 00-04-08.409,227,198,232,221,200,1212,8151,1149,638,4995,[1],5000;
2026-03-24-13:08:29.693: 00-04-08.642,74,55,95,59,402,2579,659,123,220,1714,[2],8000;
2026-03-24-13:08:29.927: 00-04-08.875,342,271,383,1001,2146,3951,5277,3012,995,7679,[3],8000;
2026-03-24-13:08:30.160: 00-04-09.109,3,3,3,3,3,5,14,32,34,71,[4],8000;
2026-03-24-13:08:30.393: 00-04-09.341,23,38,556,283,51,28,46,60,68,573,[5],8000;
2026-03-24-13:08:30.624: 00-04-09.573,9,99,103,21,15,18,33,50,42,211,[6],8000;
2026-03-24-13:08:30.856: 00-04-09.805,8,7,7,9,13,24,47,60,44,127,[7],8000;
2026-03-24-13:08:31.089: 00-04-10.038,230,219,247,267,186,387,247,233,14591,2780,[8],1200;
2026-03-24-13:08:31.321: 00-04-10.270,233,205,227,200,252,324,5557,3924,514,4763,[0],3000;
2026-03-24-13:08:31.554: 00-04-10.503,228,199,233,221,201,1213,8172,1153,640,5010,[1],5000;
2026-03-24-13:08:31.787: 00-04-10.736,74,55,96,60,407,2609,666,126,224,1734,[2],8000;
2026-03-24-13:08:32.019: 00-04-10.968,345,273,386,1010,2166,3978,5296,3023,999,7708,[3],8000;
2026-03-24-13:08:32.253: 00-04-11.202,3,3,3,3,3,5,14,33,36,72,[4],8000;
2026-03-24-13:08:32.485: 00-04-11.434,24,38,554,283,50,28,46,59,70,573,[5],8000;
2026-03-24-13:08:32.717: 00-04-11.666,8,100,104,22,15,18,32,50,44,213,[6],8000;
2026-03-24-13:08:32.949: 00-04-11.898,8,7,7,8,13,24,47,60,44,126,[7],8000;
2026-03-24-13:08:33.181: 00-04-12.130,230,219,246,266,185,386,247,232,14573,2774,[8],1200;
2026-03-24-13:08:33.415: 00-04-12.364,232,205,227,199,251,323,5542,3914,514,4750,[0],3000;
2026-03-24-13:08:33.648: 00-04-12.597,227,199,233,220,201,1214,8167,1152,641,5007,[1],5000;
2026-03-24-13:08:33.882: 00-04-12.831,75,55,97,60,409,2612,667,126,224,1738,[2],8000;
2026-03-24-13:08:34.114: 00-04-13.063,343,272,384,1004,2156,3957,5265,3005,994,7668,[3],8000;
2026-03-24-13:08:34.348: 00-04-13.296,3,4,3,3,3,5,14,33,34,72,[4],8000;
2026-03-24-13:08:34.581: 00-04-13.530,23,38,558,284,51,29,46,60,70,576,[5],8000;
2026-03-24-13:08:34.813: 00-04-13.762,9,101,105,22,16,18,33,50,44,213,[6],8000;
2026-03-24-13:08:35.046: 00-04-13.995,7,7,6,8,13,24,46,60,42,126,[7],8000;
2026-03-24-13:08:35.277: 00-04-14.226,230,219,246,267,185,386,247,233,14580,2777,[8],1200;
2026-03-24-13:08:35.510: 00-04-14.459,233,206,228,200,252,324,5559,3926,516,4765,[0],3000;
2026-03-24-13:08:35.744: 00-04-14.693,228,199,233,221,201,1215,8173,1154,641,5014,[1],5000;
2026-03-24-13:08:35.977: 00-04-14.926,75,56,97,61,411,2623,669,126,224,1743,[2],8000;
2026-03-24-13:08:36.210: 00-04-15.159,344,272,385,1010,2180,3978,5268,3003,996,7687,[3],8000;
2026-03-24-13:08:36.443: 00-04-15.392,3,3,3,3,3,5,14,32,32,72,[4],8000;
2026-03-24-13:08:36.677: 00-04-15.625,24,38,557,285,51,28,46,60,70,574,[5],8000;
2026-03-24-13:08:36.909: 00-04-15.858,8,101,105,22,15,18,33,49,44,214,[6],8000;
2026-03-24-13:08:37.141: 00-04-16.090,8,7,7,8,13,24,47,60,44,127,[7],8000;
2026-03-24-13:08:37.374: 00-04-16.323,230,220,247,267,186,388,248,233,14617,2784,[8],1200;
2026-03-24-13:08:37.607: 00-04-16.556,233,206,228,201,253,325,5574,3939,518,4780,[0],3000;
2026-03-24-13:08:37.840: 00-04-16.790,228,200,234,222,202,1222,8210,1158,643,5032,[1],5000;
2026-03-24-13:08:38.074: 00-04-17.023,75,56,98,61,409,2620,669,127,224,1741,[2],8000;
2026-03-24-13:08:38.306: 00-04-17.255,345,273,385,1005,2158,3976,5291,3019,1000,7694,[3],8000;
2026-03-24-13:08:38.540: 00-04-17.489,3,4,3,3,3,5,14,34,34,74,[4],8000;
2026-03-24-13:08:38.772: 00-04-17.721,24,38,556,285,51,28,46,61,70,577,[5],8000;
2026-03-24-13:08:39.005: 00-04-17.954,9,100,105,22,15,18,33,50,44,214,[6],8000;
2026-03-24-13:08:39.237: 00-04-18.186,8,7,7,8,13,24,47,61,42,127,[7],8000;
2026-03-24-13:08:39.469: 00-04-18.418,230,219,247,267,186,387,248,234,14607,2782,[8],1200;
2026-03-24-13:08:39.703: 00-04-18.652,234,206,229,201,253,326,5587,3942,518,4788,[0],3000;
2026-03-24-13:08:39.936: 00-04-18.885,228,200,234,222,202,1220,8200,1157,642,5027,[1],5000;
2026-03-24-13:08:40.170: 00-04-19.119,74,55,97,60,405,2602,666,127,224,1733,[2],8000;
2026-03-24-13:08:40.403: 00-04-19.352,343,271,383,998,2143,3957,5280,3011,995,7673,[3],8000;
2026-03-24-13:08:40.635: 00-04-19.584,3,3,3,3,3,5,14,34,34,74,[4],8000;
2026-03-24-13:08:40.869: 00-04-19.818,24,38,549,282,50,28,46,61,70,570,[5],8000;
2026-03-24-13:08:41.101: 00-04-20.050,9,98,103,21,15,18,33,51,44,214,[6],8000;
2026-03-24-13:08:41.334: 00-04-20.283,8,7,7,9,13,24,48,62,44,130,[7],8000;
2026-03-24-13:08:41.565: 00-04-20.514,231,220,248,267,186,388,249,235,14624,2786,[8],1200;
2026-03-24-13:08:41.798: 00-04-20.748,234,207,229,201,253,326,5582,3945,518,4789,[0],3000;
2026-03-24-13:08:42.032: 00-04-20.981,229,200,234,222,203,1223,8219,1161,645,5038,[1],5000;
2026-03-24-13:08:42.265: 00-04-21.214,75,56,97,61,411,2630,671,128,226,1750,[2],8000;
2026-03-24-13:08:42.499: 00-04-21.448,345,273,386,1008,2162,3982,5295,3020,998,7702,[3],8000;
2026-03-24-13:08:42.732: 00-04-21.681,3,3,3,3,4,5,15,34,34,75,[4],8000;
2026-03-24-13:08:42.965: 00-04-21.914,23,37,546,280,50,28,46,61,70,569,[5],8000;
2026-03-24-13:08:43.196: 00-04-22.145,9,98,103,21,15,18,34,51,44,214,[6],8000;
2026-03-24-13:08:43.428: 00-04-22.377,8,7,7,9,13,24,47,62,42,129,[7],8000;
2026-03-24-13:08:43.659: 00-04-22.608,230,220,247,268,186,388,249,235,14626,2787,[8],1200;
2026-03-24-13:08:43.892: 00-04-22.841,233,207,229,201,253,326,5585,3945,520,4791,[0],3000;
2026-03-24-13:08:44.123: 00-04-23.073,229,200,234,222,202,1222,8211,1161,645,5037,[1],5000;
2026-03-24-13:08:44.357: 00-04-23.306,76,56,98,61,412,2632,672,128,226,1752,[2],8000;
2026-03-24-13:08:44.589: 00-04-23.539,344,272,384,1000,2148,3959,5275,3009,994,7667,[3],8000;
2026-03-24-13:08:44.823: 00-04-23.772,3,4,3,3,3,6,14,34,38,74,[4],8000;
2026-03-24-13:08:45.056: 00-04-24.005,23,38,547,281,50,28,46,61,70,570,[5],8000;
2026-03-24-13:08:45.289: 00-04-24.238,9,99,103,22,15,18,33,51,46,214,[6],8000;
2026-03-24-13:08:45.521: 00-04-24.470,8,7,7,8,13,24,47,61,44,129,[7],8000;
2026-03-24-13:08:45.753: 00-04-24.703,230,220,247,267,186,387,248,234,14591,2782,[8],1200;
2026-03-24-13:08:45.987: 00-04-24.936,233,206,228,200,253,325,5564,3929,518,4774,[0],3000;
2026-03-24-13:08:46.220: 00-04-25.169,228,199,234,221,202,1217,8195,1158,644,5025,[1],5000;
2026-03-24-13:08:46.454: 00-04-25.403,75,56,97,61,411,2623,669,127,224,1745,[2],8000;
2026-03-24-13:08:46.686: 00-04-25.635,342,271,383,998,2152,3960,5263,3001,993,7659,[3],8000;
2026-03-24-13:08:46.918: 00-04-25.868,3,3,3,3,3,5,15,33,36,74,[4],8000;
2026-03-24-13:08:47.151: 00-04-26.100,23,37,544,279,49,28,45,60,68,562,[5],8000;
2026-03-24-13:08:47.382: 00-04-26.332,9,97,102,21,15,18,33,50,44,211,[6],8000;
2026-03-24-13:08:47.614: 00-04-26.563,8,7,7,8,12,23,46,59,42,123,[7],8000;
2026-03-24-13:08:47.846: 00-04-26.795,229,219,246,266,185,385,246,231,14544,2766,[8],1200;
2026-03-24-13:08:48.078: 00-04-27.028,232,205,227,199,252,322,5533,3908,512,4743,[0],3000;
2026-03-24-13:08:48.312: 00-04-27.261,227,199,232,221,201,1213,8155,1151,640,4998,[1],5000;
2026-03-24-13:08:48.545: 00-04-27.495,74,55,97,60,402,2574,659,127,226,1719,[2],8000;
2026-03-24-13:08:48.778: 00-04-27.727,326,259,364,934,1996,3736,5034,2884,952,7280,[3],8000;
2026-03-24-13:08:49.010: 00-04-27.959,3,4,3,3,3,6,15,35,42,80,[4],8000;
2026-03-24-13:08:49.243: 00-04-28.192,22,35,518,267,47,27,43,57,68,536,[5],8000;
2026-03-24-13:08:49.475: 00-04-28.424,8,91,97,20,14,17,31,47,44,200,[6],8000;
2026-03-24-13:08:49.707: 00-04-28.657,8,7,6,8,11,22,44,56,42,119,[7],8000;
2026-03-24-13:08:49.940: 00-04-28.889,227,216,243,263,183,381,242,225,14372,2729,[8],1200;
2026-03-24-13:08:50.173: 00-04-29.123,219,194,215,189,232,297,5098,3614,480,4387,[0],3000;
2026-03-24-13:08:50.407: 00-04-29.356,210,183,215,204,185,1113,7507,1062,594,4624,[1],5000;
2026-03-24-13:08:50.639: 00-04-29.588,66,49,86,54,356,2317,600,114,206,1562,[2],8000;
2026-03-24-13:08:50.871: 00-04-29.821,326,259,363,918,1926,3698,5067,2913,965,7327,[3],8000;
2026-03-24-13:08:51.105: 00-04-30.054,3,4,3,3,4,6,15,35,42,82,[4],8000;
2026-03-24-13:08:51.337: 00-04-30.287,23,36,528,270,48,27,44,59,74,561,[5],8000;
2026-03-24-13:08:51.570: 00-04-30.519,8,90,95,20,14,16,30,47,44,201,[6],8000;
2026-03-24-13:08:51.802: 00-04-30.751,7,7,6,8,12,23,45,58,44,123,[7],8000;
2026-03-24-13:08:52.034: 00-04-30.984,229,218,246,266,184,384,245,229,14450,2749,[8],1200;
2026-03-24-13:08:52.268: 00-04-31.217,214,189,210,184,233,298,5112,3621,478,4397,[0],3000;
2026-03-24-13:08:52.501: 00-04-31.451,210,183,215,204,186,1117,7548,1064,595,4643,[1],5000;
2026-03-24-13:08:52.735: 00-04-31.684,67,50,87,54,362,2347,604,113,206,1573,[2],8000;
2026-03-24-13:08:52.967: 00-04-31.916,332,263,371,955,2036,3815,5146,2943,976,7490,[3],8000;
2026-03-24-13:08:53.201: 00-04-32.150,3,3,3,3,3,5,12,29,34,68,[4],8000;
2026-03-24-13:08:53.433: 00-04-32.382,23,38,554,282,49,27,44,56,68,571,[5],8000;
2026-03-24-13:08:53.665: 00-04-32.615,8,94,99,20,14,17,30,45,42,201,[6],8000;
2026-03-24-13:08:53.898: 00-04-32.847,7,6,6,7,12,22,44,55,40,117,[7],8000;
2026-03-24-13:08:54.130: 00-04-33.080,228,217,245,265,183,382,242,223,14397,2729,[8],1200;
2026-03-24-13:08:54.363: 00-04-33.313,214,189,209,184,232,298,5111,3616,470,4384,[0],3000;
2026-03-24-13:08:54.597: 00-04-33.546,209,183,214,203,185,1120,7565,1058,588,4645,[1],5000;
2026-03-24-13:08:54.829: 00-04-33.778,67,49,87,53,366,2364,603,106,198,1570,[2],8000;
2026-03-24-13:08:55.061: 00-04-34.010,340,269,381,1006,2130,3919,5218,2976,993,7688,[3],8000;
2026-03-24-13:08:55.294: 00-04-34.244,2,2,1,1,2,3,8,21,24,49,[4],8000;
2026-03-24-13:08:55.527: 00-04-34.476,22,37,552,281,49,26,39,47,62,560,[5],8000;
2026-03-24-13:08:55.759: 00-04-34.708,7,94,99,19,13,15,26,36,34,185,[6],8000;
2026-03-24-13:08:55.991: 00-04-34.940,6,6,5,7,11,21,39,47,32,101,[7],8000;
2026-03-24-13:08:56.223: 00-04-35.172,230,218,247,267,185,386,242,221,14590,2758,[8],1200;
2026-03-24-13:08:56.455: 00-04-35.405,214,189,209,184,231,297,5102,3615,468,4367,[0],3000;
2026-03-24-13:08:56.689: 00-04-35.638,206,180,211,201,182,1101,7436,1041,578,4571,[1],5000;
2026-03-24-13:08:56.922: 00-04-35.872,65,48,85,52,353,2292,588,102,194,1533,[2],8000;
2026-03-24-13:08:57.154: 00-04-36.104,338,267,379,994,2124,3912,5212,2969,995,7708,[3],8000;
2026-03-24-13:08:57.388: 00-04-36.337,2,2,1,1,2,3,8,19,22,47,[4],8000;
2026-03-24-13:08:57.621: 00-04-36.571,22,37,557,281,49,26,39,46,58,561,[5],8000;
2026-03-24-13:08:57.854: 00-04-36.803,7,94,98,20,13,15,26,37,36,188,[6],8000;
2026-03-24-13:08:58.086: 00-04-37.036,7,6,5,7,11,21,40,48,34,105,[7],8000;
2026-03-24-13:08:58.318: 00-04-37.268,232,221,250,269,186,390,244,223,14733,2783,[8],1200;
2026-03-24-13:08:58.552: 00-04-37.501,213,188,208,183,232,297,5091,3609,468,4358,[0],3000;
2026-03-24-13:08:58.785: 00-04-37.735,207,180,211,201,182,1104,7445,1043,580,4574,[1],5000;
2026-03-24-13:08:59.019: 00-04-37.968,65,48,84,52,354,2293,588,104,196,1534,[2],8000;
2026-03-24-13:08:59.251: 00-04-38.201,339,268,381,1007,2139,3924,5223,2977,1000,7749,[3],8000;
2026-03-24-13:08:59.485: 00-04-38.434,2,2,2,2,2,3,9,22,28,53,[4],8000;
2026-03-24-13:08:59.717: 00-04-38.666,22,36,546,277,48,26,40,49,64,559,[5],8000;
2026-03-24-13:08:59.949: 00-04-38.899,7,96,100,20,14,16,27,39,38,193,[6],8000;
2026-03-24-13:09:00.182: 00-04-39.131,7,6,6,7,12,22,42,50,36,108,[7],8000;
2026-03-24-13:09:00.414: 00-04-39.364,235,224,253,273,188,395,248,227,14923,2821,[8],1200;
2026-03-24-13:09:00.648: 00-04-39.597,214,189,209,184,232,298,5097,3609,470,4362,[0],3000;
2026-03-24-13:09:00.880: 00-04-39.830,206,180,211,201,182,1103,7441,1042,582,4578,[1],5000;
2026-03-24-13:09:01.114: 00-04-40.063,65,48,84,52,356,2301,588,104,198,1545,[2],8000;
2026-03-24-13:09:01.347: 00-04-40.296,340,268,381,1002,2116,3907,5230,2982,1001,7751,[3],8000;
2026-03-24-13:09:01.580: 00-04-40.530,2,2,2,2,2,4,9,22,30,54,[4],8000;
2026-03-24-13:09:01.814: 00-04-40.763,21,35,527,267,46,25,39,48,62,543,[5],8000;
2026-03-24-13:09:02.046: 00-04-40.996,7,93,98,19,13,16,27,39,36,192,[6],8000;
2026-03-24-13:09:02.278: 00-04-41.228,7,6,6,7,11,22,41,49,36,108,[7],8000;
2026-03-24-13:09:02.511: 00-04-41.460,232,220,249,268,186,388,244,223,14629,2767,[8],1200;
2026-03-24-13:09:02.744: 00-04-41.694,217,192,212,187,237,303,5207,3686,480,4463,[0],3000;
2026-03-24-13:09:02.978: 00-04-41.927,211,184,216,206,187,1127,7595,1068,594,4678,[1],5000;
2026-03-24-13:09:03.209: 00-04-42.159,67,49,86,53,362,2335,599,109,202,1571,[2],8000;
2026-03-24-13:09:03.442: 00-04-42.392,343,271,385,1011,2112,3900,5230,2988,1000,7732,[3],8000;
2026-03-24-13:09:03.676: 00-04-42.625,2,2,2,2,3,4,10,26,30,60,[4],8000;
2026-03-24-13:09:03.908: 00-04-42.858,28,47,667,331,56,30,47,58,72,661,[5],8000;
2026-03-24-13:09:04.141: 00-04-43.090,9,116,120,23,16,18,31,46,43,228,[6],8000;
2026-03-24-13:09:04.372: 00-04-43.322,7,6,6,8,12,23,43,54,38,114,[7],8000;
2026-03-24-13:09:04.604: 00-04-43.554,236,224,253,273,189,394,249,231,14940,2833,[8],1200;
2026-03-24-13:09:04.838: 00-04-43.788,221,195,216,190,239,307,5239,3723,486,4491,[0],3000;
2026-03-24-13:09:05.071: 00-04-44.021,207,181,212,202,183,1101,7431,1051,584,4572,[1],5000;
2026-03-24-13:09:05.305: 00-04-44.254,63,47,82,51,342,2191,561,107,194,1482,[2],8000;
2026-03-24-13:09:05.537: 00-04-44.487,307,244,342,880,1889,3518,4733,2717,906,6957,[3],8000;
2026-03-24-13:09:05.771: 00-04-44.720,2,2,2,2,3,4,11,26,28,60,[4],8000;
2026-03-24-13:09:06.002: 00-04-44.952,29,49,722,359,63,33,50,60,76,720,[5],8000;
2026-03-24-13:09:06.234: 00-04-45.184,9,121,124,24,17,19,32,46,42,233,[6],8000;
2026-03-24-13:09:06.467: 00-04-45.416,7,6,6,8,12,23,45,57,44,123,[7],8000;
2026-03-24-13:09:06.699: 00-04-45.649,235,223,252,271,189,394,249,233,14894,2826,[8],1200;
2026-03-24-13:09:06.933: 00-04-45.882,220,195,215,190,241,309,5250,3738,494,4497,[0],3000;
2026-03-24-13:09:07.166: 00-04-46.116,207,180,212,201,182,1096,7403,1048,584,4556,[1],5000;
2026-03-24-13:09:07.399: 00-04-46.348,62,46,80,50,330,2140,553,107,192,1459,[2],8000;
2026-03-24-13:09:07.631: 00-04-46.581,305,242,339,856,1853,3530,4799,2759,914,7047,[3],8000;
2026-03-24-13:09:07.864: 00-04-46.814,3,3,2,2,3,4,12,27,34,64,[4],8000;
2026-03-24-13:09:08.097: 00-04-47.046,29,49,716,357,62,33,51,62,78,725,[5],8000;
2026-03-24-13:09:08.329: 00-04-47.279,9,118,121,24,18,21,38,56,60,254,[6],8000;
2026-03-24-13:09:08.562: 00-04-47.511,8,7,7,9,12,24,47,59,44,128,[7],8000;
2026-03-24-13:09:08.794: 00-04-47.744,240,228,258,278,193,403,255,238,15295,2906,[8],1200;
2026-03-24-13:09:09.027: 00-04-47.977,231,203,225,199,251,320,5420,3891,506,4625,[0],3000;
2026-03-24-13:09:09.261: 00-04-48.210,208,181,213,202,184,1101,7442,1055,582,4551,[1],5000;
2026-03-24-13:09:09.494: 00-04-48.444,60,45,78,49,325,2115,546,102,186,1428,[2],8000;
2026-03-24-13:09:09.727: 00-04-48.677,322,253,359,918,1927,3686,4982,2860,950,7356,[3],8000;
2026-03-24-13:09:09.960: 00-04-48.910,2,2,2,2,3,4,11,26,32,63,[4],8000;
2026-03-24-13:09:10.192: 00-04-49.142,26,45,657,327,57,31,48,58,74,681,[5],8000;
2026-03-24-13:09:10.424: 00-04-49.374,9,111,113,22,16,18,31,45,40,225,[6],8000;
2026-03-24-13:09:10.656: 00-04-49.606,7,6,6,8,12,23,44,53,38,116,[7],8000;
2026-03-24-13:09:10.887: 00-04-49.837,239,226,256,276,191,401,252,233,15235,2887,[8],1200;
2026-03-24-13:09:11.121: 00-04-50.071,228,200,222,197,249,315,5363,3872,498,4572,[0],3000;
2026-03-24-13:09:11.354: 00-04-50.304,206,180,211,200,183,1090,7381,1049,578,4517,[1],5000;
2026-03-24-13:09:11.588: 00-04-50.538,60,45,78,49,326,2112,545,102,186,1425,[2],8000;
2026-03-24-13:09:11.820: 00-04-50.770,322,254,360,923,1949,3704,4993,2869,956,7390,[3],8000;
2026-03-24-13:09:12.052: 00-04-51.001,3,2,2,2,2,4,11,26,30,61,[4],8000;
2026-03-24-13:09:12.284: 00-04-51.234,26,46,670,333,58,31,47,58,74,688,[5],8000;
2026-03-24-13:09:12.516: 00-04-51.465,9,113,115,22,16,18,30,44,42,224,[6],8000;
2026-03-24-13:09:12.748: 00-04-51.698,7,7,6,8,12,23,44,53,38,116,[7],8000;
2026-03-24-13:09:12.980: 00-04-51.930,240,227,257,276,192,401,252,234,15256,2887,[8],1200;
2026-03-24-13:09:13.214: 00-04-52.164,229,202,223,198,250,317,5395,3892,502,4600,[0],3000;
2026-03-24-13:09:13.447: 00-04-52.397,207,181,212,201,183,1092,7407,1051,578,4531,[1],5000;
2026-03-24-13:09:13.681: 00-04-52.630,61,45,79,49,328,2125,547,102,186,1431,[2],8000;
2026-03-24-13:09:13.912: 00-04-52.862,323,254,361,931,1980,3732,5006,2876,959,7428,[3],8000;
2026-03-24-13:09:14.144: 00-04-53.094,2,3,2,2,2,4,11,26,32,60,[4],8000;
2026-03-24-13:09:14.377: 00-04-53.327,26,45,665,331,58,31,48,58,74,687,[5],8000;
2026-03-24-13:09:14.609: 00-04-53.559,9,112,115,23,16,18,31,44,40,224,[6],8000;
2026-03-24-13:09:14.842: 00-04-53.791,7,6,6,8,12,23,44,53,38,116,[7],8000;
2026-03-24-13:09:15.074: 00-04-54.024,240,227,256,276,191,401,252,233,15254,2891,[8],1200;
2026-03-24-13:09:15.307: 00-04-54.257,229,201,224,198,251,318,5411,3905,502,4614,[0],3000;
2026-03-24-13:09:15.541: 00-04-54.491,208,181,212,202,183,1088,7382,1050,580,4519,[1],5000;
2026-03-24-13:09:15.774: 00-04-54.724,60,44,78,49,315,2055,535,102,186,1399,[2],8000;
2026-03-24-13:09:16.007: 00-04-54.957,337,265,377,970,2091,3940,5305,3047,1027,7900,[3],8000;
2026-03-24-13:09:16.240: 00-04-55.190,3,3,3,3,3,6,14,32,40,74,[4],8000;
2026-03-24-13:09:16.473: 00-04-55.422,24,39,569,290,52,30,47,61,78,614,[5],8000;
2026-03-24-13:09:16.705: 00-04-55.655,8,88,93,20,15,18,32,49,52,208,[6],8000;
2026-03-24-13:09:16.937: 00-04-55.887,8,7,7,9,13,25,48,61,50,133,[7],8000;
2026-03-24-13:09:17.170: 00-04-56.120,240,227,257,277,193,402,256,241,15105,2881,[8],1200;
2026-03-24-13:09:17.403: 00-04-56.353,234,206,228,201,254,324,5494,3960,518,4699,[0],3000;
2026-03-24-13:09:17.636: 00-04-56.586,208,182,213,202,184,1086,7390,1055,592,4545,[1],5000;
2026-03-24-13:09:17.869: 00-04-56.819,62,46,80,50,333,2135,552,110,198,1461,[2],8000;
2026-03-24-13:09:18.101: 00-04-57.051,341,268,381,993,2097,3907,5218,3002,1018,7794,[3],8000;
2026-03-24-13:09:18.335: 00-04-57.285,3,4,4,3,4,6,16,34,42,80,[4],8000;
2026-03-24-13:09:18.566: 00-04-57.516,26,41,595,300,54,31,49,62,82,637,[5],8000;
2026-03-24-13:09:18.799: 00-04-57.749,8,85,90,19,14,17,32,49,50,203,[6],8000;
2026-03-24-13:09:19.031: 00-04-57.981,8,7,7,9,13,24,48,61,50,132,[7],8000;
2026-03-24-13:09:19.263: 00-04-58.213,240,227,256,276,192,401,256,241,15091,2875,[8],1200;
2026-03-24-13:09:19.497: 00-04-58.447,233,205,227,201,254,321,5470,3946,514,4680,[0],3000;
2026-03-24-13:09:19.728: 00-04-58.678,207,180,211,201,184,1080,7357,1050,588,4527,[1],5000;
2026-03-24-13:09:19.962: 00-04-58.912,61,46,80,50,333,2130,551,109,198,1454,[2],8000;
2026-03-24-13:09:20.195: 00-04-59.145,340,267,379,992,2109,3898,5194,2988,1013,7776,[3],8000;
2026-03-24-13:09:20.428: 00-04-59.378,3,3,3,3,4,6,15,33,42,78,[4],8000;
2026-03-24-13:09:20.661: 00-04-59.611,25,41,593,299,54,31,49,62,82,635,[5],8000;
2026-03-24-13:09:20.893: 00-04-59.843,8,84,89,19,14,17,31,48,50,201,[6],8000;
2026-03-24-13:09:21.126: 00-05-00.076,8,7,7,8,13,25,48,60,50,131,[7],8000;
2026-03-24-13:09:21.358: 00-05-00.308,240,227,256,276,192,401,255,240,15078,2873,[8],1200;
2026-03-24-13:09:21.591: 00-05-00.541,234,205,228,202,254,323,5484,3956,516,4692,[0],3000;
2026-03-24-13:09:21.825: 00-05-00.775,207,180,211,200,183,1080,7353,1050,588,4522,[1],5000;
2026-03-24-13:09:22.058: 00-05-01.008,62,46,80,51,340,2155,555,110,198,1471,[2],8000;
2026-03-24-13:09:22.292: 00-05-01.242,340,268,381,1007,2145,3917,5175,2979,1017,7794,[3],8000;
2026-03-24-13:09:22.524: 00-05-01.474,3,3,3,3,4,6,15,33,44,78,[4],8000;
2026-03-24-13:09:22.757: 00-05-01.707,26,42,610,306,55,31,49,62,80,649,[5],8000;
2026-03-24-13:09:22.989: 00-05-01.939,8,88,92,19,14,17,32,48,50,206,[6],8000;
2026-03-24-13:09:23.220: 00-05-02.170,8,8,7,9,13,25,47,60,52,132,[7],8000;
2026-03-24-13:09:23.453: 00-05-02.403,240,227,256,276,192,402,256,240,15087,2875,[8],1200;
2026-03-24-13:09:23.686: 00-05-02.636,233,205,228,201,253,322,5465,3942,516,4673,[0],3000;
2026-03-24-13:09:23.919: 00-05-02.870,206,179,210,200,183,1077,7324,1046,588,4509,[1],5000;
2026-03-24-13:09:24.153: 00-05-03.103,63,47,81,51,344,2168,556,111,202,1482,[2],8000;
2026-03-24-13:09:24.386: 00-05-03.336,341,267,381,1015,2228,4006,5237,3010,1027,7936,[3],8000;
2026-03-24-13:09:24.620: 00-05-03.570,3,3,3,3,3,5,13,29,34,68,[4],8000;
2026-03-24-13:09:24.852: 00-05-03.802,26,44,639,322,58,31,49,62,76,666,[5],8000;
2026-03-24-13:09:25.085: 00-05-04.035,9,96,98,21,125,132,203,245,286,1969,[6],8000;
2026-03-24-13:09:25.317: 00-05-04.267,1277,329,137,168,35,53,91,112,116,358,[7],8000;
2026-03-24-13:09:25.548: 00-05-04.499,220,208,235,254,177,369,232,216,13884,2625,[8],1200;
2026-03-24-13:09:25.782: 00-05-04.732,238,209,232,204,258,332,5694,4012,506,4790,[0],3000;
2026-03-24-13:09:26.014: 00-05-04.964,203,177,209,197,180,1090,7359,1028,564,4470,[1],5000;
2026-03-24-13:09:26.248: 00-05-05.198,62,46,80,50,344,2190,552,102,178,1467,[2],8000;
2026-03-24-13:09:26.480: 00-05-05.430,341,269,380,987,2178,4003,5255,2973,986,7829,[3],8000;
2026-03-24-13:09:26.713: 00-05-05.664,2,2,2,2,2,4,12,27,28,59,[4],8000;
2026-03-24-13:09:26.946: 00-05-05.896,36,64,917,454,81,42,65,78,94,920,[5],8000;
2026-03-24-13:09:27.177: 00-05-06.127,10,119,119,25,19,22,40,62,54,260,[6],8000;
2026-03-24-13:09:27.410: 00-05-06.360,9,8,8,10,15,26,52,70,52,147,[7],8000;
2026-03-24-13:09:27.642: 00-05-06.592,223,211,239,257,179,373,242,235,13881,2667,[8],1200;
2026-03-24-13:09:27.875: 00-05-06.826,240,212,235,206,261,336,5702,4029,524,4810,[0],3000;
2026-03-24-13:09:28.108: 00-05-07.058,203,177,208,198,181,1080,7283,1038,580,4449,[1],5000;
2026-03-24-13:09:28.340: 00-05-07.291,61,46,79,50,327,2049,526,122,198,1425,[2],8000;
2026-03-24-13:09:28.573: 00-05-07.523,299,237,331,840,1833,3419,4592,2653,884,6823,[3],8000;
2026-03-24-13:09:28.806: 00-05-07.756,5,4,4,4,4,7,20,44,46,95,[4],8000;
2026-03-24-13:09:29.040: 00-05-07.990,40,71,991,484,87,46,72,89,106,1010,[5],8000;
2026-03-24-13:09:29.271: 00-05-08.221,11,136,136,28,20,22,41,63,54,279,[6],8000;
2026-03-24-13:09:29.503: 00-05-08.454,9,8,8,10,14,26,52,69,50,144,[7],8000;
2026-03-24-13:09:29.736: 00-05-08.686,221,208,236,254,176,368,237,230,13794,2639,[8],1200;
2026-03-24-13:09:29.969: 00-05-08.919,241,213,235,208,263,339,5746,4063,532,4855,[0],3000;
2026-03-24-13:09:30.202: 00-05-09.153,203,178,209,198,180,1073,7240,1032,578,4426,[1],5000;
2026-03-24-13:09:30.436: 00-05-09.386,58,43,75,47,313,1984,511,113,186,1371,[2],8000;
2026-03-24-13:09:30.667: 00-05-09.618,293,232,323,810,1731,3292,4488,2600,862,6608,[3],8000;
2026-03-24-13:09:30.900: 00-05-09.850,4,4,4,4,4,7,19,42,46,91,[4],8000;
2026-03-24-13:09:31.133: 00-05-10.083,40,71,1000,486,86,46,71,88,106,1011,[5],8000;
2026-03-24-13:09:31.366: 00-05-10.316,11,140,139,28,20,22,41,61,54,283,[6],8000;
2026-03-24-13:09:31.597: 00-05-10.547,9,8,8,10,14,26,51,67,50,143,[7],8000;
2026-03-24-13:09:31.829: 00-05-10.780,220,209,235,253,177,369,239,231,13827,2647,[8],1200;
2026-03-24-13:09:32.062: 00-05-11.012,242,213,236,208,262,338,5736,4053,526,4842,[0],3000;
2026-03-24-13:09:32.295: 00-05-11.246,203,178,208,198,180,1081,7294,1035,578,4452,[1],5000;
2026-03-24-13:09:32.529: 00-05-11.479,58,44,75,47,312,1967,504,111,184,1355,[2],8000;
2026-03-24-13:09:32.762: 00-05-11.712,285,226,315,785,1703,3233,4413,2558,845,6488,[3],8000;
2026-03-24-13:09:32.996: 00-05-11.946,4,5,4,4,4,7,19,42,44,91,[4],8000;
2026-03-24-13:09:33.228: 00-05-12.178,40,73,1018,492,88,46,72,87,108,1033,[5],8000;
2026-03-24-13:09:33.461: 00-05-12.412,11,145,143,28,20,23,41,62,54,289,[6],8000;
2026-03-24-13:09:33.694: 00-05-12.644,9,8,8,10,14,26,51,68,52,144,[7],8000;
2026-03-24-13:09:33.925: 00-05-12.875,220,208,236,253,177,368,238,230,13841,2647,[8],1200;
2026-03-24-13:09:34.158: 00-05-13.109,243,214,236,209,264,340,5769,4075,532,4871,[0],3000;
2026-03-24-13:09:34.391: 00-05-13.341,201,176,207,196,172,978,6722,992,564,4144,[1],5000;
2026-03-24-13:09:34.624: 00-05-13.574,54,41,70,45,285,1814,484,110,182,1268,[2],8000;
2026-03-24-13:09:34.857: 00-05-13.807,277,221,307,773,1536,3027,4203,2468,809,6143,[3],8000;
2026-03-24-13:09:35.089: 00-05-14.040,5,5,4,5,5,9,22,47,58,107,[4],8000;
2026-03-24-13:09:35.321: 00-05-14.271,35,59,852,428,85,47,75,94,122,1020,[5],8000;
2026-03-24-13:09:35.553: 00-05-14.503,11,111,115,25,18,21,39,61,58,255,[6],8000;
2026-03-24-13:09:35.785: 00-05-14.736,8,7,7,9,13,24,48,65,50,138,[7],8000;
2026-03-24-13:09:36.018: 00-05-14.968,224,213,241,260,180,377,241,233,14390,2742,[8],1200;
2026-03-24-13:09:36.251: 00-05-15.202,230,203,225,199,248,314,5279,3846,504,4559,[0],3000;
2026-03-24-13:09:36.485: 00-05-15.435,195,171,199,189,174,1010,6911,1013,564,4271,[1],5000;
2026-03-24-13:09:36.718: 00-05-15.668,54,41,69,45,280,1810,483,109,178,1262,[2],8000;
2026-03-24-13:09:36.950: 00-05-15.901,268,214,296,709,1523,3000,4165,2438,821,6110,[3],8000;
2026-03-24-13:09:37.183: 00-05-16.133,4,5,5,5,6,10,26,53,64,121,[4],8000;
2026-03-24-13:09:37.415: 00-05-16.366,43,75,1020,494,73,41,66,84,106,876,[5],8000;
2026-03-24-13:09:37.648: 00-05-16.598,12,117,119,26,18,22,43,67,70,268,[6],8000;
2026-03-24-13:09:37.880: 00-05-16.831,9,8,8,10,13,25,51,71,62,154,[7],8000;
2026-03-24-13:09:38.111: 00-05-17.062,224,212,241,259,180,376,245,239,14310,2746,[8],1200;
2026-03-24-13:09:38.344: 00-05-17.294,229,201,224,198,250,317,5349,3890,500,4626,[0],3000;
2026-03-24-13:09:38.577: 00-05-17.528,196,171,199,189,174,1005,6851,1005,562,4253,[1],5000;
2026-03-24-13:09:38.811: 00-05-17.761,55,41,70,45,283,1828,486,107,176,1270,[2],8000;
2026-03-24-13:09:39.043: 00-05-17.994,263,211,289,675,1415,2898,4148,2434,787,5960,[3],8000;
2026-03-24-13:09:39.277: 00-05-18.227,4,4,4,4,4,7,19,41,44,91,[4],8000;
2026-03-24-13:09:39.509: 00-05-18.459,37,64,902,448,93,51,82,101,134,1121,[5],8000;
2026-03-24-13:09:39.742: 00-05-18.693,13,130,130,27,18,21,41,65,68,265,[6],8000;
2026-03-24-13:09:39.975: 00-05-18.925,8,7,8,9,13,23,48,66,52,142,[7],8000;
2026-03-24-13:09:40.207: 00-05-19.158,224,213,242,260,181,377,244,235,14479,2765,[8],1200;
2026-03-24-13:09:40.441: 00-05-19.391,228,201,224,198,249,316,5326,3860,500,4614,[0],3000;
2026-03-24-13:09:40.674: 00-05-19.625,196,171,200,190,174,1013,6901,1006,562,4284,[1],5000;
2026-03-24-13:09:40.908: 00-05-19.858,54,40,69,44,280,1800,481,106,178,1261,[2],8000;
2026-03-24-13:09:41.141: 00-05-20.091,262,209,288,669,1416,2878,4116,2405,784,5944,[3],8000;
2026-03-24-13:09:41.374: 00-05-20.325,4,5,4,4,4,7,19,41,46,93,[4],8000;
2026-03-24-13:09:41.608: 00-05-20.558,35,60,864,431,78,42,65,81,100,918,[5],8000;
2026-03-24-13:09:41.840: 00-05-20.791,10,114,119,25,18,20,37,57,50,254,[6],8000;
2026-03-24-13:09:42.073: 00-05-21.024,7,7,7,9,12,23,46,62,44,133,[7],8000;
2026-03-24-13:09:42.305: 00-05-21.255,225,214,243,261,181,379,242,231,14598,2774,[8],1200;
2026-03-24-13:09:42.538: 00-05-21.489,232,205,228,202,254,322,5435,3933,502,4697,[0],3000;
2026-03-24-13:09:42.772: 00-05-21.722,201,175,205,194,178,1040,7080,1027,568,4386,[1],5000;
2026-03-24-13:09:43.005: 00-05-21.956,57,42,73,46,299,1913,504,107,180,1324,[2],8000;
2026-03-24-13:09:43.238: 00-05-22.189,279,222,308,748,1628,3141,4315,2495,822,6338,[3],8000;
2026-03-24-13:09:43.472: 00-05-22.422,3,4,4,4,4,6,17,38,40,85,[4],8000;
2026-03-24-13:09:43.704: 00-05-22.655,37,65,928,461,83,43,67,82,98,966,[5],8000;
2026-03-24-13:09:43.937: 00-05-22.887,10,119,123,25,17,20,37,57,52,258,[6],8000;
2026-03-24-13:09:44.169: 00-05-23.120,8,7,7,9,12,23,46,63,46,134,[7],8000;
2026-03-24-13:09:44.401: 00-05-23.352,226,215,244,262,182,380,244,233,14607,2779,[8],1200;
2026-03-24-13:09:44.635: 00-05-23.585,233,205,229,202,255,323,5455,3948,506,4717,[0],3000;
2026-03-24-13:09:44.868: 00-05-23.819,202,176,206,195,179,1045,7110,1032,572,4406,[1],5000;
2026-03-24-13:09:45.102: 00-05-24.052,57,42,73,46,300,1922,507,107,178,1328,[2],8000;
2026-03-24-13:09:45.335: 00-05-24.286,281,223,310,757,1649,3166,4332,2503,825,6378,[3],8000;
2026-03-24-13:09:45.568: 00-05-24.518,4,4,4,3,4,6,17,38,38,83,[4],8000;
2026-03-24-13:09:45.798: 00-05-24.749,37,65,929,462,83,43,67,81,98,967,[5],8000;
2026-03-24-13:09:46.030: 00-05-24.981,10,119,123,25,18,20,37,56,49,257,[6],8000;
2026-03-24-13:09:46.263: 00-05-25.213,7,7,7,8,12,23,46,63,46,133,[7],8000;
2026-03-24-13:09:46.495: 00-05-25.446,226,215,244,262,182,380,243,232,14618,2781,[8],1200;
2026-03-24-13:09:46.728: 00-05-25.679,233,205,228,202,254,323,5447,3948,504,4716,[0],3000;
2026-03-24-13:09:46.962: 00-05-25.913,201,175,205,194,179,1040,7095,1029,572,4396,[1],5000;
2026-03-24-13:09:47.195: 00-05-26.146,56,42,73,46,299,1913,505,107,178,1321,[2],8000;
2026-03-24-13:09:47.429: 00-05-26.379,280,222,310,756,1659,3165,4320,2498,823,6371,[3],8000;
2026-03-24-13:09:47.662: 00-05-26.613,4,4,4,3,4,6,16,38,38,83,[4],8000;
2026-03-24-13:09:47.896: 00-05-26.846,38,65,935,465,83,44,67,81,98,968,[5],8000;
2026-03-24-13:09:48.128: 00-05-27.079,10,120,123,25,18,21,37,57,50,258,[6],8000;
2026-03-24-13:09:48.360: 00-05-27.311,8,7,7,9,13,23,46,63,48,134,[7],8000;
2026-03-24-13:09:48.593: 00-05-27.543,226,215,244,262,182,380,243,234,14638,2785,[8],1200;
2026-03-24-13:09:48.826: 00-05-27.777,234,206,229,203,255,323,5463,3957,506,4728,[0],3000;
2026-03-24-13:09:49.059: 00-05-28.010,202,176,206,196,179,1046,7126,1034,574,4412,[1],5000;
2026-03-24-13:09:49.293: 00-05-28.244,57,43,74,47,305,1939,509,108,180,1340,[2],8000;
2026-03-24-13:09:49.525: 00-05-28.476,282,224,313,774,1707,3208,4336,2506,831,6430,[3],8000;
2026-03-24-13:09:49.759: 00-05-28.709,4,4,3,3,4,6,17,38,38,84,[4],8000;
2026-03-24-13:09:49.991: 00-05-28.942,38,66,944,469,84,44,68,82,98,975,[5],8000;
2026-03-24-13:09:50.224: 00-05-29.174,10,120,123,25,18,20,37,57,50,258,[6],8000;
2026-03-24-13:09:50.456: 00-05-29.407,7,7,7,8,12,23,46,63,48,133,[7],8000;
2026-03-24-13:09:50.688: 00-05-29.639,226,215,244,263,182,381,243,233,14655,2787,[8],1200;
2026-03-24-13:09:50.922: 00-05-29.873,235,207,230,203,256,325,5484,3972,508,4747,[0],3000;
2026-03-24-13:09:51.155: 00-05-30.106,203,177,207,197,181,1051,7160,1040,576,4435,[1],5000;
2026-03-24-13:09:51.389: 00-05-30.339,59,43,75,48,312,1976,516,109,182,1361,[2],8000;
2026-03-24-13:09:51.621: 00-05-30.572,285,227,316,786,1724,3226,4343,2510,832,6451,[3],8000;
